13.779218 10.911398 13.43881
11.972071 13.017014 13.940365
13.611101 11.47418 14.745152
12.625704 12.416761 14.989152
10.146253 14.662235 10.356236
12.977006 11.376002 12.40787
12.127479 12.535597 12.606871
13.63147 9.65934 10.943418
9.530756 13.739032 12.472575
12.966284 11.497717 10.097147
13.103988 10.732231 11.121299
10.400167 13.845441 11.584038
11.533921 13.127102 11.543771
12.858404 12.326225 10.612977
14.534318 10.13641 13.449798
11.311085 13.877093 14.206083
14.114739 11.140869 15.588988
12.551508 12.796217 15.997965
9.533579 15.436584 10.840806
11.046778 15.091845 9.932195
9.615475 14.160692 9.571028
14.164059 12.165314 13.464949
12.01443 13.827624 13.137501
13.929464 13.221377 14.383917
12.926733 14.200766 14.115525
9.025574 11.984094 10.566846
13.296885 11.892455 12.476596
12.105664 12.661545 12.398515
14.517779 9.928499 11.896755
9.290141 13.439572 12.392248
12.81186 10.544927 10.538869
13.583553 10.722934 11.636593
9.82599 12.847881 11.49807
11.141124 12.423271 11.500577
12.188832 11.278903 10.671839
14.941547 11.488889 13.723587
11.260116 14.59156 12.793069
14.643513 13.446735 15.153065
12.841518 15.105469 14.755377
9.159185 10.922287 10.803152
7.939423 12.252936 10.577903
9.487431 12.235298 9.543705
14.403037 13.122746 12.150652
11.793563 14.134924 12.516721
14.150968 14.534192 12.094934
12.860307 15.047115 12.289546
8.749616 10.987446 12.52889
13.32339 12.277489 12.408966
12.056426 12.746929 12.478157
14.621413 10.211935 11.870815
9.508458 12.64712 10.910891
12.856016 10.01631 13.067576
13.661258 10.755738 12.356516
9.758037 11.956003 11.86765
10.927815 11.920506 12.625868
12.141819 10.695937 13.145452
15.350237 12.710671 11.979076
10.793022 14.497831 12.487714
14.984847 15.143579 11.860313
12.640111 16.150607 12.283516
7.742097 11.27296 12.189088
9.011545 10.065922 12.034869
8.751704 10.94123 13.551917
14.325984 12.961342 11.273172
11.560529 13.606532 11.141794
13.814193 13.797286 10.222596
12.489562 14.280016 10.302955
9.016802 11.449629 13.747004
13.369669 12.276794 12.160692
12.008799 12.532753 11.972559
14.980248 10.997211 13.319426
9.256191 11.945099 11.405579
13.058165 11.300951 14.305218
13.843782 11.29366 13.247987
9.761674 11.655844 12.452132
11.061277 11.828749 12.710934
12.249581 11.631083 13.813391
15.315135 12.636038 11.320904
10.472777 13.857174 10.961565
14.504443 14.135995 9.474437
12.083426 15.042521 9.586289
9.175476 12.295148 14.397925
7.940738 11.393318 13.527451
9.391873 10.59044 14.305061
