-407031.39855573914
-407042.6759362757
-407037.52282047214
-407032.6693172887
-407048.06829199975
-407040.5255342677
-407037.745684902
-407032.799665467
-407032.2986774837
-407050.11044546287
-407031.32555378135
-407038.8069266411
-407046.18591126805
-407038.33627560973
-407043.67255833023
-407049.39462078013
-407043.7297614786
-407041.47265083424
-407043.9105225238
-407029.75758109114
-407047.1187080654
-407035.4102190155
-407034.6256437526
-407036.40588160785
-407051.9902590528
-407044.0398754719
-407044.78671293444
-407041.6522949124
-407037.16024353815
-407045.39248498215
-407034.38381535484
-407044.1737734721
-407042.98654411896
-407046.21933431225
-407042.57423077343
-407046.5070832356
-407041.36386765115
-407030.1542449746
-407024.31264884706
-407050.902420319
-407035.2145339092
-407039.6937759299
-407031.25146058435
-407035.52685108874
-407041.6394510457
-407042.1135376921
-407052.67722268606
-407043.28427609266
-407045.5087173318
-407037.18634040776
-407036.73504553776
-407040.56483644946
-407052.3189153274
-407040.5894762417
-407042.14451658644
-407043.26912487316
-407050.73565273813
-407046.33665852866
-407033.1855907785
-407043.98149825307
-407039.12640370516
-407046.53761910816
-407046.746996474
-407046.96159785736
-407021.1377984984
-407049.29637536587
-407049.1544634405
-407043.54693843686
-407043.37461112085
-407047.16691147094
-407042.46975230624
-407043.5067690369
-407044.9194218039
-407045.9227600938
-407039.74489349005
-407039.60626281245
-407039.35358540114
-407039.7090815167
-407034.5069226998
-407024.0753780516
-407052.3707727214
-407043.86404351465
-407026.1155868624
-407027.7801495965
-407043.1509434787
-407037.40747291106
-407041.9455634102
-407039.57133374515
-407040.0229731178
-407042.5848187431
-407038.6110677147
-407038.8944686239
-407046.74491125956
-407015.1702536624
-407041.8754072085
-407027.1845940328
-407045.57490955526
-407038.3143548166
-407035.51213222335
-407049.6460682726
-407037.355675758
-407041.40331227763
-407044.9176409317
-407042.53216441185
-407048.58682891674
-407046.9345421531
-407038.6777148826
-407048.5945384998
-407038.2369088358
-407036.9260563249
-407047.06332971493
-407033.4801243357
-407036.87027385837
-407048.21480859065
-407039.23265990714
-407043.3421230659
-407018.9698092786
-407032.7816270758
-407045.34627831215
-407041.6648670674
-407035.3717043582
-407038.90911344317
-407044.8150682111
-407042.0346352615
-407036.0747441602
-407037.38359617046
-407040.1787912836
-407044.19801730575
-407050.04638175195
-407045.836527096
-407042.0811123882
-407043.2279935009
-407050.9412857541
-407040.5272730968
-407033.72842047486
-407040.6736215151
-407043.7946265193
-407038.63279774494
-407046.82719031937
-407037.5283193389
-407038.05798325624
-407047.17172572465
-407035.27567154285
-407040.0379241617
-407043.1578360442
-407036.18569664407
-407042.8502496596
-407008.6844844092
-407034.19752657757
-407049.1082128448
-407040.55899810005
-407044.7635578299
-407031.2279107763
-407039.18634028535
-407041.45890586387
-407023.16017913364
-407047.12674709095
-407050.7872628933
-407040.95143696136
-407041.9223719101
-407040.6654218471
-407032.94362872123
-407038.8712639461
-407048.73265085445
-407049.3064889382
-407029.4629941956
-407042.00624107925
-407038.9450415058
-407024.68807843287
-407045.9391839028
-407024.19506107655
-407047.9898093731
-407031.3570309183
-407048.5305651503
-407034.7211325171
-407021.7002479102
-407052.16297981737
-407045.2766950267
-407035.7813156474
-407027.1670676895
-407031.86127693154
-407044.825087657
-407033.99553813733
-407042.38813150406
-407025.811671409
-407036.70774573233
-407038.36644125165
-407051.70108568267
-407044.47949552553
-407035.9068250992
-407034.69111434004
-407041.62321046955
-407035.94141468377
-407038.70032091625
-407047.2908803866
-407037.92981504626
-407043.9868571851
-407030.88801517704
-407045.9983574314
-407032.5106345415
-407046.6376340995
-407033.6017789958
-407029.67645351146
-406992.05281162634
-407047.2143160568
-407039.434465742
-407050.38796095946
-407049.09415788465
-407052.9195079108
-407031.39630109706
-407035.6652357826
-407018.64768977155
-407050.1244928929
-407023.1631535292
-407048.7242026926
-407042.72571222036
-407034.2136585945
-407036.3361320324
-407034.41963297577
-407033.52809179766
-407035.17819608294
-407038.0825577875
-407033.2402186274
-407039.1342902459
-407018.30941565713
-407028.96513183764
-407037.03118614707
-407044.93375098583
-407029.8284746166
-407040.9749792392
-407042.5669478969
-407036.0538110672
-407036.81444181845
-407038.3857020315
-407054.7748712164
-407045.35809996567
-407043.947272624
-407035.88070563925
-407035.72460697667
-407044.10928117204
-407030.22225823096
-407043.0468063767
-407042.9303719689
-407053.8419890777
-407030.2489957879
-407044.54384349834
-407037.30119223625
-407029.8491792961
-407047.81378853554
-407045.63774773997
-407040.7580548154
-407039.94272781664
-407025.4820493971
-407049.25157055235
-407025.53102024685
-406990.8558765822
-407039.02303530247
-407028.3023756425
-407044.3120395666
-407032.3399563207
-407047.8387339249
-407043.43209476594
-407044.45453382086
-407044.452420996
-407030.90371546743
-407032.2597819281
-407043.9332346066
-407039.2625764276
-407031.3426289453
-407037.73975493625
-407049.7364020457
-407051.5062282616
-407046.961252727
-407035.4239796737
-407039.5974745404
-407042.3806917501
-407045.8559497734
-407037.1580698449
-407042.84823660884
-407039.0717896614
-407026.07384743326
-407033.03481590736
-407044.2711359803
-407032.2780123373
-407038.5405117894
-407022.2759992707
-407024.33706901094
-407044.9124928428
-407052.6339508785
-407047.84005420515
-407042.9586092738
-407041.2829057341
-407022.4963567997
-407028.5134943475
-407036.9477951403
-407043.839539892
-407015.37927711284
-407044.53780560085
-407046.5813791182
-407035.8831353564
-407045.39078882366
-407043.7844715313
-407036.37480607704
-407025.60853337124
-407023.05347426236
-407045.27943787124
-407041.69283328805
-407042.35880672495
-407047.37718680303
-407034.9351540816
-407038.88984199555
-407045.8323930627
-407040.443357492
-407040.5723088338
-407032.2303121944
-407031.165388229
-407027.2886018678
-407047.603095282
-407034.903145444
-407031.7198538361
-407051.15678259364
-407039.4045096884
-407042.2742698857
-407035.76741881965
-407042.02449407877
-407045.0216224112
-407033.47395026864
-407038.7966712515
-407047.7327287268
-407040.9063673387
-407041.2410803361
-407040.4792548066
-407048.15203190193
-407038.7785211636
-407050.2446911033
-407042.1063765525
-407043.46069979144
-407036.52817507286
-407031.8064212966
-407038.69382117176
-407033.6997407758
-407022.0214418407
-407039.2531480958
-407041.71295689367
-407046.74092029844
-407048.02729491453
-407032.0184555381
-407032.5771580901
-407048.5048924772
-407038.569323893
-407017.4518999324
-407042.49281767686
-407032.6389903768
-407037.72867562657
-407029.5579483219
-407037.3511601988
-407028.5071301451
-407034.4754631331
-407027.9335807158
-407041.0502226614
-407025.948918428
-407042.0776014719
-407037.85481007793
-407024.57072723354
-407040.7701801835
-407018.3116200983
-407037.11921444995
-407037.5045932006
-407030.65401245165
-407040.2535333255
-407035.00487667415
-407036.25919182436
-407033.9563194143
-407036.69067370595
-407028.7356377688
-407041.69022912317
-407036.2008189981
-407041.8868805942
-407037.0447315695
-407019.1817035855
-407033.7822915472
-407048.14468376443
-407052.6301983711
-407047.2680534696
-407035.5328651408
-407034.9980870202
-407035.59879883035
-407052.6953376334
-407043.1131071593
-407024.55213475134
-407037.3390059653
-407044.27780703496
-407043.9905174487
-407032.5468820065
-407035.9203617364
-407029.0662236355
-407040.22399268317
-407038.44093417225
-407042.3361649233
-407045.5859154463
-407044.35545444634
-407025.0116763526
-407045.59138356504
-407031.32214263914
-407039.62791942403
-407031.6141598828
-407049.3614851353
-407037.8439152561
-407040.7258378446
-407047.150291879
-407043.9277878232
-407048.5781404187
-407015.12261815305
-407029.0290587515
-407021.0666533415
-407038.22798690427
-407042.48956278455
-407048.9341222268
-407039.1120381277
-407035.1599518685
-407042.98010336043
-407038.21604476887
-407051.8562462184
-407051.65544126125
-407030.3204546995
-407038.3318648447
-407024.8933399632
-407042.9851573228
-407030.8236421039
-407044.572330552
-407043.2935782951
-407041.96598320035
-407045.9182413971
-407040.1514262171
-407039.3241526904
-407047.9506546561
-407040.99714852625
-407045.15945050406
-407043.07309777424
-407048.661692068
-407051.36325333494
-407044.24616235297
-407031.5056691191
-407044.20242932584
-407037.49314868037
-407033.95397754846
-407025.65267427964
-407033.882165349
-407036.49268187437
-407043.8885264296
-407043.0616513715
-407043.1622191988
-407038.06936439796
-407046.10497445124
-407028.9735674494
-407030.0558539781
-407045.1667478133
-407034.8936675389
-407034.18503035116
-407036.94063964824
-407035.0448553113
-407049.5588256118
-407034.909544787
-407037.8311749285
-407037.09166113054
-407040.82370549813
-407049.5301616004
-407044.6835798479
-407046.0356817028
-407029.38587828487
-407040.1209399178
-407044.74254818074
-407026.4839895956
-407034.84945760446
-407029.9183139121
-407049.17038084916
-407034.9294851598
-407024.06651573343
-407035.6760094951
-407037.2280741892
-407032.3513192647
-407044.0438733356
-407047.83867870405
-407046.36091867764
-407034.5031921552
-407040.2711399901
-407036.20343571313
-407045.79287627264
-407037.96240099275
-407033.6335730252
-407037.83806749404
-407048.9645940933
-407038.05578697263
-407052.1987503751
-407042.1813394778
-407044.1965828188
-407028.0655717142
-407033.4508453649
-407048.69600429334
-407045.7124446012
-407043.1623214829
-407048.0549793834
-407038.2232818372
-407042.65939637745
-407041.792525112
-407045.34022598196
-407046.2355359829
-407048.34126307187
-407039.59478817176
-407045.5858746582
-407038.8456264136
-407044.0847562141
-407038.46496214264
-407052.6216134121
-407048.50865753484
-407044.7561055258
-407045.1361109117
-407040.15332192363
-407040.751629117
-407041.07806902775
-407051.44770232297
-407052.3888198978
-407035.2055454616
-407046.10968642094
-407049.5326747764
-407034.27081530716
-407037.71980954334
-407031.0723687148
-407048.0820815234
-407041.7461791349
-407036.7435476655
-407049.72873136826
-407044.16566479293
-407021.7167965936
-407046.8701489996
-407041.5380894187
-407045.9467912018
-407031.70411464013
-407033.04127047124
-407045.376277664
-407042.891191524
-407029.40778778284
-407039.1722137891
-407031.68402240996
-407042.1581624104
-407041.4916599828
-407029.41027648596
-407043.89507135475
-407045.31611078774
-407040.6932035799
-407041.7811910335
-407040.49539058865
-407047.37839789654
-407051.5911999651
-407045.2284351453
-407048.3617700858
-407048.9489502788
-407044.24945991585
-407050.7096732128
-407048.81424843887
-407046.333643345
-407048.04435313575
-407028.1295852244
-407038.3247037051
-407040.2150902044
-407038.28433601203
-407022.87319828215
-407046.76074207196
-407055.4691955373
-407042.7763541282
-407040.3253900782
-407044.65765052335
-407048.4548448209
-407043.75282308424
-407031.3890025328
-407041.2306856394
-407045.89545401325
-407002.9825330148
-407053.11148318014
-407021.78253889276
-407017.05968258204
-407041.9457692334
-407044.0913199646
-407039.2234373983
-407043.890969952
-407048.354172827
-407042.63155126607
-407037.92134178407
-407044.8352407625
-407047.29543045873
-407026.98822745116
-407038.29668414604
-407039.3284781142
-407046.6146377549
-407038.92698115174
-407034.13394542155
-407035.2412200103
-407049.68237786106
-407044.44134921645
-407043.99824648444
-407042.8093416808
-407046.8474833526
-407039.05831452017
-407047.12270969414
-407039.34250107134
-407039.83610012906
-407040.7067050766
-407043.1175166694
-407037.712702997
-407038.60676488135
-407039.23513982503
-407042.5112256712
-407051.7056978782
-407036.19504151715
-407045.47644137515
-407041.0598361086
-407023.8099609402
-407025.4013334637
-407037.41579870856
-407040.5092510209
-407041.6814835218
-407050.0110855915
-407038.0853928759
-407043.76326609915
-407039.501249707
-407050.4171257235
-407036.64147067757
-407029.1552641113
-407030.4134102077
-407037.67921720183
-407039.6502255081
-407041.2059636435
-407042.2129891798
-407042.8442550603
-407034.7068121204
-407046.8022662652
-407046.6442480508
-407042.48636123055
-407056.313348445
-407044.1391299216
-407052.57449371566
-407043.3145973569
-407021.769727029
-407040.4906303007
-407038.1834569399
-407046.6233576284
-407048.4605972015
-407037.2247465058
-407042.1159623892
-407037.50049556285
-407046.0478133461
-407032.6408051346
-407034.47577563295
-407037.1448024092
-407047.6704226704
-407043.0827457344
-407038.1812455961
-407041.1913859678
-407039.33810975915
-407043.09675990656
-407032.54063326586
-407045.2581590204
-407052.0719262907
-407048.8041856947
-407040.17892619816
-407040.5499218011
-407035.7082961194
-407037.8102631708
-407041.07615198585
-407036.0372674039
-407026.279983712
-407046.82467463333
-407033.8920467427
-407029.48270489986
-407041.3105644751
-407042.0622092887
-407032.1586298893
-407036.04825572466
-407017.6602682628
-407046.88422027504
-407055.784103704
-407045.6484179133
-407044.4674824816
-407039.1055421483
-407034.6254429495
-407045.08697690937
-407037.3586313282
-407046.46787267027
-407049.485004754
-407036.91968710243
-407040.48081981554
-407047.00380540855
-407051.5041217119
-407032.9044212934
-407035.447187489
-407048.383369594
-407048.339709358
-407048.74104693305
-407044.8292417706
-407047.4968717106
-407046.4254687085
-407049.13700424065
-407048.2941628281
-407041.04195208475
-407040.3810872035
-407040.86330888444
-407044.36494427413
-407043.9786236316
-407045.00781719986
-406998.61561082146
-407040.8179255071
-407037.4690560764
-407035.70569634705
-407043.28893221397
-407024.6671447123
-407039.4377281644
-407048.384511034
-407046.15533021477
-407029.0970098844
-407037.4244106504
-407046.1269059121
-407027.7208869617
-407046.0022686987
-407041.0799917172
-407037.9572830243
-407035.20375643176
-407025.55189811904
-407044.1335971694
-407031.18797857495
-407031.98173304833
-407039.93377513706
-407038.5176032961
-407043.81052886776
-407048.02768773556
-407050.6581057282
-407043.9739304872
-407041.5708698931
-407038.32201294386
-407029.1159098463
-407034.6283878521
-407038.81258238514
-407037.17191521684
-407047.8523151154
-407047.53436478216
-407053.22552928637
-407035.9946965246
-407042.6242483093
-407036.30697040586
-407032.73551076715
-407039.93971702555
-407019.64833667275
-407043.8190717836
-407041.9606757241
-407042.67068841285
-407037.74925731425
-407037.4978305296
-407053.2450147147
-407051.7131131593
-407051.18085637223
-407046.5723718453
-407049.394414957
-407048.93800211867
-407027.04962299124
-407047.85268660105
-407021.3207508071
-407043.6400545876
-407031.2748045693
-407043.9913005807
-407043.5716660805
-407032.5686867103
-407029.1574221169
-407024.4919170469
-407033.0378957246
-407044.6834919965
-407039.240358195
-407054.09630303405
-407046.74572702206
-407049.9203715475
-407041.37127477454
-407051.55128031387
-407041.1476604708
-407047.7112710358
-407038.2633081651
-407045.4656852329
-407042.1704553236
-407038.0021198409
-407047.0622252981
-407049.0421693411
-407047.58770435385
-407044.03261016565
-407045.1324305678
-407030.73592630087
-407034.51361320727
-407034.71649835864
-407018.6634710107
-407043.9210282897
-407034.0081391578
-407040.3574758995
-407054.5180459665
-407051.5557048841
-407026.9355913178
-407037.9500528587
-407047.84180683945
-407032.213272171
-407038.52634324995
-407040.70043374563
-407050.5931873492
-407046.59568257217
-407046.0328566546
-407040.3120303987
-407043.5628991437
-407043.30575700157
-407037.35645198735
-407034.7602822141
-407030.8105572736
-407049.4901145648
-407035.3383804605
-407043.90512092115
-407038.88202950096
-407046.1309558591
-407034.84575027775
-407044.64725206164
-407029.0025596482
-407047.0911716888
-407044.247800153
-407044.3100509886
-407046.9676859555
-407048.23004013137
-407037.60855899245
-407047.8812182079
-407016.1690381151
-407052.07072900236
-407037.1413398112
-407058.9842759479
-407039.3046660071
-407042.4621374771
-407049.03574427025
-407037.1176902291
-407045.0344807106
-407051.92164464213
-407053.74918417167
-407052.90486685664
-407046.5319922295
-407045.7199201231
-407025.7360979169
-407016.33780745167
-407047.4006462497
-407038.6442736406
-407045.1711843062
-407035.77994077385
-407043.02204171004
-407042.7896021111
-407032.4149732118
-407040.2480884246
-407036.1232023347
-407039.0512594296
-407033.8054033536
-407012.76845373516
-407048.27780302515
-407037.951085112
-407036.6906184851
-407046.75545844104
-407036.56755506585
-407037.60800615646
-407046.66915076954
-407044.23242554005
-407035.5950532255
-407017.1114226318
-407030.835762452
-407052.62522347487
-407048.9555799178
-407052.69472267403
-407015.1126238075
-407038.7653666797
-407035.9449676432
-407042.22819185513
-407031.5798388723
-407045.18534406053
-407037.61453539395
-407025.1960142025
-407037.8510870634
-407026.8751684176
-407046.8974644928
-407053.350738161
-407037.0731263793
-407020.1843698126
-407032.8078513298
-407043.25192232477
-407034.6521892915
-407048.1490725666
-407030.0076957532
-407045.3174781312
-407048.83297709055
-407027.829065853
-407049.82171762455
-407033.61527798255
-407042.14103767317
-407039.09165598813
-407039.22980787593
-407048.6136304796
-407000.7294484721
-407043.38926284265
-407053.8783934201
-407020.59228431585
-407047.37815128535
-407025.180243631
-407053.04907044704
-407032.2318778309
-407026.7064976
-407034.65228906553
-407012.7955665428
-407032.79836087447
-407030.83323045075
-407027.007385947
-407034.5035008899
-407037.6558750995
-407051.79375379154
-407039.1521071262
-407035.08063528157
-407044.7672971597
-407026.29810556193
-407035.11130293115
-407050.24962646636
-407029.7510280083
-407037.58959251456
-407054.0100097953
-407035.11972473765
-407036.0071011345
-407016.76335873996
-407050.2943842167
-407043.3134220314
-407052.9355809419
-407026.3723600289
-407039.1970914075
-407037.3384694445
-407032.0316169246
-407052.74228790234
-407042.1401328043
-407019.0910755103
-407040.3949601859
-407015.59382390283
-407045.4351004146
-407042.00684160594
-407051.7088109534
-407034.76131446735
-407028.24067638785
-407041.1172475901
-407047.32543420314
-407048.4923648754
-407048.67880676506
-407036.79701148404
-407044.7175325102
-407040.77507287596
-407036.61802942865
-407024.01159420994
-407042.2595867883
-407030.60264765273
-407036.63471930166
-407044.2419605486
-407032.4094956805
-407043.01504497783
-407042.94508644176
-407035.7915478191
-407033.44350915
-407046.1788624526
-407042.7748255148
-407033.226739721
-407039.626808732
-407039.94959841936
-407044.8378022567
-407033.35162480065
-407042.52971398685
-407036.57252054935
-407035.87650885497
-407049.26507957914
-407044.99215581507
-407043.84429327725
-407036.36278550304
-407033.764804737
-407045.21831655287
-407045.81466026866
-407049.4442285521
-407022.3747485752
-407007.23768382426
-407033.84105091944
-407042.83609680797
-407041.7896850035
-407047.2869571965
-407044.0351873476
-407048.4509530063
-407046.0154451455
-407043.8766589678
-407044.90882755915
-407043.47244112374
-407046.2602272309
-407039.757495138
-407046.77233029186
-407037.3612066277
-407035.3329499923
-407038.33589282894
