-0.004655536278046854 -0.06840175729153762 0.05504703249190346
0.10608717321520775 -0.06252482458802253 -0.015488018168000496
0.019504396510778052 0.16953100967676218 -0.0026099937208306483
-0.011491798795352027 -0.0823244907201031 -0.0034353256743509257
-0.1286130436018043 -0.04837797084449248 0.0005763093813374353
0.04346155377653979 0.07640486843278524 0.0005857959555158292
0.017895236365767973 -0.07559969544939406 -0.0002869688688964184
-0.08019475481705364 -0.05141960369044006 7.470677165485271e-05
0.06055043133714427 0.10042013096538965 -0.024551253973683664
0.07212760930010186 0.02495087591094851 -0.015690793691063666
-0.040140066992329596 -0.033734257778369046 0.006600283984617622
0.04954719111197955 -0.018159674620990704 -5.217615798116698e-05
0.007184894118361152 0.009459300277631113 5.6919445070363975e-05
0.026209032811358012 0.0202194470394745 0.0003355875615606876
0.021911614708545534 0.05436755661637599 -0.0009771171403745815
-0.1593827469494252 -0.014812099757789923 -0.00018498819647868293
-0.16634114910927722 0.006782900537551708 1.4458475847072567
0.06205286752264743 -0.10266726322389672 1.28211642931881
0.07566728729041512 0.18811046520514685 -1.0696076811486062
-0.3336819459726027 0.004324692003575363 -0.12186216025210467
-0.04807440047078387 -0.01797824388982892 -0.044926043665329374
0.017461225597106448 0.03563631590113704 -0.02491885872309643
0.0333370074846488 -0.020429337493171468 0.033706983877606164
-0.01921268435479244 -0.019728516825742615 -0.06425493855380712
0.14308006922385516 -0.004287931528634086 -0.03817871778094664
0.023146055173509053 0.001534453373355229 -1.4089744566976112
0.19627484810742718 -0.04466872034074043 -0.013890716240713408
0.0007565542907269212 -0.001540382482216725 0.0027546639770511566
-0.0016376198675452636 -0.0032799830221797235 0.0028661312236472856
0.0011585478715363665 -0.0005004167879102833 0.020391391196457893
0.004734986336790903 -0.004959106651755461 -0.009376292753570166
0.011275979232793562 -0.016347738952917454 0.008304309871411644
-0.11760506008955038 0.5198239470357328 2.411395847871287
-0.0481941684697861 -0.2732074072288856 2.8209703872710414
0.09327911225260356 0.12927828961606416 -2.7566775024205206
-0.09725280101157836 0.0021558239820400355 0.031911649714345104
-0.01519749183378718 -0.004508494378281746 0.065082642150872
0.0022174867141995964 0.01161393843789885 0.010480292823580768
0.011024585017066123 -0.0038207177503481815 -0.03180136828952127
-0.0007612975778161182 0.005429877895358264 0.0616402015458873
0.07720411230731493 -0.0015142944032261415 0.014542918215477995
0.06943697969875486 -0.3621416685077847 -2.6299736318721183
0.015901869966532936 -0.01415634031770844 0.0014419592751158876
-0.0021937702787536116 -0.0016921676690710291 -0.0051630679965909325
0.0002762964729457251 -0.0021226209724156567 -0.001921031271124784
0.00037946296713575983 -0.000936799200116407 0.0005620795200698442
0.00502432684923192 -0.0033096285664872055 0.002339626356746419
0.006462728659030911 -0.0008905521509967363 0.005168997105452429
-0.19295691878853385 1.2512293296157315 3.5527670910358986
-0.1315100061915314 -0.5682102186326313 4.226753797579395
0.1485158762280749 0.18230231016442514 -3.9000314395884175
-0.01546785919787141 -0.01862688839927661 -0.016729573563597812
-0.014239347841769388 -0.011765723624753152 -0.0035965974353836237
-0.002153452338495437 0.010684254168416236 -0.013199382147462945
0.010288189696468287 -0.008426449513958467 0.009890939402748041
-0.00890907897528426 -0.0017799184802211735 0.015760757175629327
0.013563429431558817 0.023059490184131205 -0.0010316649419003473
0.16736688494231608 -0.8677867446121355 -3.878604825984742
0.018815434061072188 0.011689831031326002 -0.007194380692539547
0.0002134479190138649 -0.00011976799900222421 -0.0031791881715342875
0.000560893698297545 -0.0027072311061591865 0.004485963764608061
0.0007387669641424324 -0.0012617143657264016 0.000974745496829983
0.0023004942382605443 -0.0013530226421934436 0.00813592317974515
0.002872060332508782 0.0030736500337996547 0.004797834890722764
-0.3325530436453738 2.2048304384238464 4.590655225597272
-0.2289217073205978 -0.9999655542832434 5.64158384218862
0.26022028717866424 0.3237495028078242 -5.176448809469557
-0.024856010169164573 -0.03429870894198349 -0.022066957360716736
-0.024540581577732968 -0.020482699472924935 -0.004194251608622445
-0.002946767104163635 0.01955064355989773 -0.01635248224000665
0.01731774116265824 -0.014559519720290185 0.013894273706030306
-0.017186114945933022 -0.003447183892073918 0.01956013013407612
0.02557461816317791 0.03840046645236659 -0.008472696563078138
0.28845233193356473 -1.531522021934105 -5.0505892440230316
0.028890175838526617 0.019850656468289436 -0.007052082079863637
0.0009617014573346913 0.0007956864092127964 -0.0032040904287525722
0.0008952954380859334 -0.003527819772590267 0.0066690616474109786
0.0004838152830980938 -0.0013186338107967653 0.0008502342107385619
0.003756683374644022 -0.0023265823172511275 0.010533654803334232
0.004453946576755982 0.004270144202049597 0.004634191486145466
-0.5190389330224707 3.3141619631227055 5.530302769610742
-0.3379260020956617 -1.517739215474671 7.06225405902642
0.4171092509409441 0.5394848720204545 -6.319591670361984
0.02033921503847673 -0.1083663226615669 -0.08760614089392396
-0.02700471922057081 -0.04207414230294967 -0.04657789339414222
-0.0018747842220051135 0.040738906987340714 -0.02609875138653418
0.03143969264897 -0.036113016253601346 0.0396538800656869
-0.047949889184692444 -0.008575863057268172 -0.03212509763335897
0.05838274913738126 0.11860352202182634 -0.05472686061338266
0.4331605344507867 -2.3476686000061524 -6.118312654375454
-0.03171361747837113 0.0316116368059534 0.025614936103436087
0.0010684254168416237 0.006080894048350552 -0.00020514716660777018
0.0010945134958322072 -0.002845972253518199 0.009566024237138045
-0.0016245758280499718 0.0012202106036959279 0.0034365114961232247
0.006476958520298502 -0.00011028142482383019 0.012926643139834118
-0.0019376327759369734 0.011590222002452863 0.0014893921460078573
-0.658089579864053 4.778216655321844 6.26428612872372
-0.5027943605637433 -2.1266871552728706 8.45404358659987
0.5722775873116179 0.7031757094686428 -7.514516996407175
0.06065596947487891 -0.12342981663508429 -0.09916434570852474
-0.025620865212297585 -0.0418725526016588 -0.048035268352298
-0.005495098092834722 0.04395959892090547 -0.02728931644592263
0.032643301747853744 -0.040766180888103604 0.04414577293915647
-0.05170894420288108 -0.007492021957386658 -0.041155130429417756
0.046460497038684594 0.10811967173292866 -0.06630403857634024
0.5891885916063775 -3.348163030799842 -7.027482207197289
-0.06950101407445901 0.035893639225725985 0.03682688096052549
0.00341279506067724 0.008896034935788971 0.0020004813298688338
0.002173611308624524 -0.0013079614148460723 0.009963274530858294
-0.0011964941682499428 0.0013316778502920573 0.0011644769803978632
0.007986509636435445 -0.0011395747231795787 0.015382480030265865
-0.0003936928284033508 0.01126530683684287 -0.0038657789776955537
-0.7931546797289376 6.422724961542395 6.766173335631655
-0.6892446752876712 -2.797576495347122 9.809517322396655
0.7513663204731119 0.8864409069121749 -8.664866096209865
0.07573487913143617 -0.12647382112457645 -0.09791567538229362
-0.024966291593988395 -0.034224002170328637 -0.04074957938329141
-0.008341070346352921 0.04789534138316668 -0.024218038055667575
0.032838962340283114 -0.04536005443399089 0.043020428077244474
-0.04971557780364604 -0.008331583772174527 -0.04113022817219947
0.039267302167917344 0.07921170856781756 -0.05967529486918743
0.7492152397781612 -4.464540708469703 -7.754986236146422
-0.1075931668660278 0.021228581367701164 0.04413272889966117
0.00541801967763527 0.011957826751865634 0.004465804794478973
0.0035728809999376393 0.0018427670341530336 0.008881805074521378
-0.0005253190451285676 0.0014668615323341716 -0.0028329282140229072
0.009099996280624441 -0.00224357479319018 0.01671178623701332
0.007024808179100755 0.0059800991977051144 -0.0065291346782796675
-0.9837862020219925 8.09823183471262 7.059620348870143
-0.8409243240042404 -3.5187932972595255 11.089940398224623
0.9344239991064918 1.134352364094373 -9.753520446665142
0.008901964044650467 -0.1372944447968071 -0.08991730752813519
-0.03352199568112749 -0.03472797642355582 -0.014529874175982704
-0.008695631056270397 0.058515561175878764 -0.01672008698941942
0.03740674780717982 -0.05495098092834722 0.03281524590483713
-0.053005047400004154 -0.014124323129856361 -0.022934978898039783
0.08002518230361484 0.09409495763194545 -0.07623411009757415
0.9073113701046416 -5.637036215691853 -8.287454600740183
-0.07651989314469827 -0.003698578107801359 0.060557546267778074
0.006782900537551708 0.01398321033895275 0.007381740532562828
0.0038147886414866858 0.004098200045066207 0.008363600960026606
-0.0003533748881451764 0.0015581698088012138 -0.007066311941131227
0.007242999385203815 -0.0037673557705947157 0.012964589436547696
0.010896516265657803 -0.00044231152106762007 -0.0032657531609121327
-0.988266236677739 9.965736296857587 6.947090605966033
-1.0613223444255513 -4.2083344279902715 12.293994180272975
1.0738493656281205 1.2668513456440018 -10.701952558367804
0.06610126305327707 -0.11357682352904983 -0.07356245364458394
-0.025687271231546342 -0.006159158285322301 -0.020927382637537156
-0.01431524043519654 0.048308007359926824 -0.0025732332458893712
0.021727812333839146 -0.05965987918614754 0.036199581242979194
-0.034544174048849435 -0.024048465542228777 -0.008062402229862596
0.018740727289417336 0.03390738775712474 -0.032866236241045996
1.0276461919140247 -6.900982297993721 -8.51988396886324
-0.12767150111459868 -0.01638331360608643 0.06938954682786289
0.007654479540191656 0.017058046194524706 0.011935296138191945
0.00592317975263475 0.009525706296879871 0.008020898467832124
0.001568842204751907 0.00018261655293408443 -0.018052950661483776
0.005227102372295091 -0.002823441639844513 0.014319983722285736
0.02336898966670131 -0.009600413068534723 -0.003068906746710458
-0.9960535282564283 11.624041639398838 6.558441077560271
-1.2054400077001683 -4.81759661055813 13.31144941987586
1.1844865369836406 1.4017599170349426 -11.391995291708234
0.06293630474301036 -0.11216213815469682 -0.09222491669702954
-0.015400267356850352 0.009416610693828341 -0.01561134363231962
-0.017155283579853242 0.03917125060436111 -0.0011194157530504914
0.008386131573700292 -0.060500626822707716 0.034132693893861595
-0.022511640525328953 -0.025107404384892007 -0.019060899167938135
-0.008026827576693618 0.005723961694888476 -0.017450553201155756
1.0939537879556822 -8.065057284810775 -8.46197554843478
-0.13001468493666202 -0.015518849534080278 0.0796421618711622
0.007872670746294719 0.017484942032552433 0.013218355295819734
0.006188803829629784 0.013333380007732761 0.006326359155216496
0.0029515103912528314 4.624704911967073e-05 -0.016703485484607226
0.0032657531609121327 -0.002799725204398528 0.014972185697050324
0.024559554726089755 -0.012235309046583657 -0.0020407992701270083
-0.9029285728342236 13.089956885958717 5.774456357596524
-1.3321177901695802 -5.3094055182232935 14.130248681252539
1.2338534831862307 1.471170808654707 -11.857863162282579
0.052329128989793576 -0.07530679747163614 -0.07469965672421892
-0.013338123294821957 0.037658142022907265 -0.027265600010476645
-0.020394948661774794 0.02253179949545804 0.0034756436146091
-0.00984350653185607 -0.05842899618650092 0.0391736222479057
0.007234698632797721 -0.04135672013070863 -0.022268547062007607
-0.05987332710516141 -0.034850116066102645 0.03439594632731203
1.1031284910079613 -9.101872250668219 -8.079033380219096
-0.10035728241145778 -0.015148873141122914 0.059806921085912644
0.008597207849169558 0.01528168517962043 0.01348990848167626
0.006396322639782152 0.01735212999405492 0.004068554500758725
0.006775785606917912 -0.0016091601450100817 -0.02116217534845241
-0.0038942387002307353 -0.0009000387251751303 0.017241848569231086
0.024432671796453736 -0.015074166369468059 0.0059374096139023416
-0.8142374050186458 14.155469924527573 4.755854428339825
-1.363508864125886 -5.638067880633753 14.644099644021203
1.2053131247705324 1.49333381757898 -12.032560797421247
0.03197686991182156 -0.05494030853239653 -0.05407703028216267
-0.014509715205853615 0.032707336123557904 -0.022984783412476353
-0.01842174123266884 0.0003960644719479493 0.0004695854218305028
-0.026837518350676614 -0.03977483388646142 0.03384691084673748
0.02697388785449103 -0.03499715796586775 -0.012444013678508323
-0.07784089859903963 -0.027968792321450102 0.03620669617361298
1.0513448400334253 -9.9056542651205 -7.38688344158929
-0.01979255120144677 0.006216077730392665 0.027782618303199114
0.009340718100401189 0.008268735218242666 0.010260915795705407
0.003527819772590267 0.016129547746814393 0.002213929248882699
0.008435936088136862 -0.0012379979302804167 -0.01901109465350157
-0.009996477540482673 0.0005217615798116698 0.014153968674163842
0.008233160565073689 -0.010403214408381318 0.0030712783902550563
-0.9932917493487432 14.326542502508323 3.863093091381295
-1.2543859871735918 -5.863847160257759 14.712299811611446
1.2084650390413036 1.706461564714324 -11.902190365952896
0.06743056926002453 -0.18464905145180532 -0.10982725508503959
0.11656390857347163 0.015223579912777766 0.015839021412601077
-0.045490494828943816 -0.03359314498746544 -0.0022791494463591574
-0.08607287334234102 -0.03327060146540004 -0.00235385621801401
0.04925073566890473 0.14148869640542952 -0.03590905490876587
0.11439266890839168 0.11004307464759805 -0.10896516265657803
0.9610196098156194 -10.19685177445694 -6.569383840875049
-0.2454046299555574 0.015267455318352836 0.09952957881439291
-0.0075453839371401234 0.02697981696335252 0.003046376133036772
0.01085501250362733 0.015638617533082502 0.0007695983302222129
0.0037543117310994234 -0.001730113965784605 0.003217134468247864
0.024799090724094208 -0.029938442285239154 0.020849118400565404
0.07566017235978133 -0.013765019132849688 0.01226376876911884
-0.5880739191404161 14.550484944207037 2.143713184279543
-1.2166851555668823 -5.563888799667573 14.480728978451534
0.9778144035766935 1.342658559903548 -11.416483697127985
0.03473746299773421 -0.014167012713659131 0.019249444829733713
0.023406935963414883 0.01202660441465899 0.00013281203849751594
-0.011208387391772505 -0.04777201591884757 0.008369530068888102
-0.06397034132845532 0.021128972338828027 -0.00034863160105597936
0.06765587539676138 0.02834944111035816 0.0064058092139605465
-0.03596123106674704 -0.019720216073336516 -0.02411131409616064
0.8096079568195896 -10.313063493964037 -5.220956258049264
0.0028222558180722138 -0.0010482664467125365 0.0035207048419564715
0.0029479529259359345 0.0012723867616770946 -0.0020704448144344897
0.0009806746056914791 0.01240369573825015 -0.0006972632021119587
0.007846582667304133 -0.0003059420172532064 -0.007256043424699108
-0.010221783677219532 -0.004308090498763174 0.009804374413370193
-0.001696910956160226 -0.004048395530629637 -2.3716435445984994e-06
-0.3561840999237533 13.73554553269919 0.5310347060710499
-1.0739205149344584 -4.9968513587677466 13.652043520959195
0.78599231622425 1.0612049480700936 -10.452513762742885
0.025620865212297585 0.05646408950980106 0.04516913712865071
0.01935735461101295 0.035375435111231215 -0.008162011258735734
-0.002173611308624524 -0.04355404787477913 0.006001443989606502
-0.05106504298052258 0.030719898833184357 0.001954234280749163
0.0744103162117779 -0.006410552501049743 -0.010939205849460579
-0.06164375901120418 -0.053180549022304444 0.050536166470077123
0.6371171359991684 -9.795452290355414 -3.8083650449461404
0.016220856023281435 -0.02333815830062153 -0.017241848569231086
0.00286020211478579 -0.0007850140132621031 -0.0025032697613237157
-0.0005905392426050263 0.011736078080445673 -0.0022412031496455817
0.003936928284033508 -0.0014182428396699025 -0.004699411683621925
-0.017201530628972915 -0.0007375811423701332 0.008541474225871494
-0.0027356908286943686 -0.009318187486727504 0.011385074835845093
-0.331190534429002 12.286208074516056 -0.7415761759210093
-0.7611671374211653 -4.289730420262664 12.332072103203275
0.6050382854149292 0.8697658811501028 -9.178744332879289
-0.02273813248383811 0.05251411718627227 0.04362045389402789
-0.00630382854154281 0.023232620162886897 -0.0025779765329785684
0.001630504936911468 -0.006697521369946161 0.0007363953205978339
-0.010467248784085476 0.01037831215116303 -0.0004268958380277298
0.026531576333423408 -0.037871589941921135 -0.004701783327166525
-0.0076912400151329325 -0.02207644393489513 0.026371490394163005
0.4803550551665246 -8.861950860587772 -2.4518039105841556
0.05469365760375828 -0.027299988841873322 -0.024260727639470344
0.003544421277402457 -0.0005122750056332758 0.0007257229246471407
-0.0024570227122040445 0.008598393670941857 -0.001387411473590122
-0.0032740539133182278 0.001744343827052196 -0.0050444858193610075
-0.01565759068143929 0.0029538820347974307 -0.0014633040670172738
-0.010845525929448936 -0.009255338932795645 0.008459652523582845
-0.04614862591256989 10.191066150029892 -1.7041764861591036
-0.630247670472239 -3.3676211802615006 10.51546311152539
0.3992756773073357 0.555219541117093 -7.590411961477871
-0.019097659642879412 0.08927577794932129 0.05967529486918743
0.011762166159436255 0.053546967949944915 -0.0067010788352630584
-0.002362156970420105 -0.036177050629305506 0.00024072181977674765
-0.04117054611245764 0.02579873847814247 0.008875875965659882
0.08163315662685264 -0.034414919475668826 -0.030610803230132825
-0.057156609424823826 -0.030960620652961107 0.06455139399688195
0.28304498465188016 -7.40611035580535 -1.295713061759993
0.04111006920207038 -0.03734508507502026 -0.04169705097935851
0.0024202622372627683 -0.0024985264742345185 -0.0014490742057496828
-0.0006474586876753903 0.010284632231151392 0.0007352094988255347
0.004374496518011932 -0.003569323534620741 -0.00018024490938948595
-0.022197397755669653 -0.0008099162704803874 0.006672619112727877
-0.0045926877241149935 -0.0056848295764026025 0.014729092233728978
-0.060429477516369755 7.171620029442035 -1.7687753130268773
-0.2858719837570416 -2.4074612912307978 7.630693141261105
0.31414078898688336 0.498362944600661 -5.249858292105515
-0.20843545038235597 -0.056941975684037666 -0.020092564109838482
-0.01795215581083834 0.03780992720976157 0.005848472980979898
0.018552181627621758 -0.05217971544648387 -0.040543246394911345
-0.06582140911501444 0.03153811585607084 0.04710084079572619
0.05129153493903174 0.033812522015340796 -0.06928045122481136
0.033804221262934704 0.00801378353719833 -0.04335127235171596
0.1250034021269254 -5.234472254609932 -0.4927243620733781
0.12707266111958757 -0.005828314010850812 -0.04426554093815869
0.0012830591576277878 -0.01598962077768308 0.005994329058972706
-0.004638934773234665 0.0004600988476521088 0.007136275425696883
0.014264250098987671 -0.009301585981915312 -0.0027356908286943686
-0.024917672901324128 0.002997757440372503 0.008915008084145757
-0.01734620088519342 -0.0024416070291641548 0.025938665447273784
0.3534389225208805 -7.309952068289604 4.168944986179807
-0.7690077909796079 1.0756790886227783 -9.048344255866631
0.500427460306234 0.572155447669071 5.928878812072422
-0.0005253190451285676 0.0015261526209491341 0.007546569758912424
0.003003686549233999 0.001711140817427817 0.001719441569833912
-4.031794025817448e-05 -0.005491540627517825 -0.0011858217722992494
-0.001482277215374062 -0.0004197809073939343 -0.004336550221298355
0.0003533748881451764 0.0038681506212401517 -0.0032337359730600533
0.001583072066019498 0.005377701737377096 0.0008964812598582327
-0.08868286706317167 5.659471963623756 -1.0460880921168227
-0.0019933663992350386 0.0003000129083917101 0.0034056801300434447
-0.0018558110736483257 -0.0016814952731203357 0.0033036994576257092
0.00019566059242937615 -0.0021060194676034674 -0.0024285629896688633
0.002455836890431746 -0.0017988916285779615 -0.0064164816099112395
0.001915102162263288 -0.00011265306836842871 -0.00499230966137984
0.00021463374078616414 0.0014739764629679672 0.0023289539607957263
0.6766536197093976 -9.688590775522897 6.793183983961086
-1.2918034073767226 1.1786214624978486 -12.627438961891116
0.8031630154871432 0.9599903165172635 8.131158547864054
-0.021948375183486808 0.022052727499449146 -0.023597853268755065
0.011526187626748705 0.007890458072879206 -0.005950453653397634
0.00682677594312678 -0.028417032951379213 -0.008522501077514705
-0.031880818348265325 0.017246591856320284 0.006725981092481343
0.03951039563123869 -0.004988752196062943 -0.008839115490718606
0.006481701807387698 -0.00467688106994824 -0.00891382226237346
-0.2130091649581142 7.555631808896335 -2.267014932163219
0.034999529609412355 -0.014911708786663065 0.014819214688423723
-0.002979970113788014 -0.0040009626597376675 0.0033357166454777887
-0.002395359980044484 0.005950453653397634 0.0018949431921342005
0.002202071031159706 -0.0008893663292244372 0.00024546510686594464
-0.01049096521953146 0.0006486445094476894 -0.004055510461263434
-0.006855235665661962 -0.0015569839870289146 0.0029681118960650215
1.1038459131802023 -10.985488473233415 9.072494702081276
-1.7633549217056974 1.1530112696815016 -15.102605933033113
0.991979044646808 1.1541022257120168 9.539657490030972
0.004695854218305029 0.08402495914158023 -0.0248038340111834
0.034952096738520386 0.04401296090065894 -0.014233418732907892
0.01265627577574989 -0.06229358934242417 -0.014518015958259712
-0.061296313231920495 0.038354219403246924 0.009503175683206185
0.09050428930542333 -4.743287089196998e-05 -0.0008111020922526867
-0.03802456095054774 0.02444927330126593 0.048099302728002155
-0.3865257216115742 8.564130536653044 -3.5440738316231735
0.03456670466252312 -0.008758479610202256 0.016152078360488077
-0.0007162363504687467 -0.006913340932504624 0.0016482922634959568
-0.0032254352206539582 0.009826905027043881 0.004827480435030244
0.006849306556800465 -0.002745177402872762 0.0008158453793418837
-0.02189738484727794 -0.004516795130687841 -0.0023289539607957263
-0.00500891116619203 -0.0011490612973579727 0.010177908271644458
1.4080151268838215 -11.491618550442638 11.202553148652793
-2.1001211901080503 1.03439470362018 -16.932611153272664
1.1511293705288625 1.3402952171113558 10.407203512823331
0.008845044599580102 0.08628513543958258 -0.007663966114370049
0.03887835262660319 0.06075439268197974 0.02013051040655206
0.006586054123350031 -0.05914760418051427 0.006695149726401562
-0.06307030260328018 0.030577600220508448 -0.01621136944910304
0.0929020209290124 -0.016824439305381755 0.017637913041179037
-0.03972147190670797 0.02283181240384975 0.02487261167397676
-0.5123414116525246 9.006757486312097 -4.75370097600133
0.017940297593115346 -0.015686050403974472 0.025005423712474273
-0.0012000516335668404 -0.003660631811087783 -0.00046128466942440806
0.0008288894188371753 0.010665281020059451 0.00045416973879061254
0.008922123014779553 -0.0056658564280458144 -0.0001600859392603987
-0.021063752141351567 -0.004263029271415802 -0.007912988686552892
0.0034709003275199034 0.004305718855218575 0.014168198535431432
1.6740637280733366 -11.356616299131685 12.903979714121935
-2.3736475833936845 0.8555905676840375 -18.10307890526418
1.2576137940377907 1.423226848578876 10.918630655889412
0.035133527469682166 0.08138057658935288 -0.010942763314777474
0.050432999975887086 0.07142560281090068 0.024260727639470344
0.003345203219656183 -0.08709860917537987 0.0032645673391398337
-0.10244551455247676 0.05473753300933335 -0.017613010783960752
0.15066814274479803 -0.0019898089339181408 0.032969402735236034
-0.05780643975604381 0.04427502751233708 0.03394770569738292
-0.6329086545292784 8.922546353152264 -5.815262856424885
-0.014348443444820919 -0.0023431838220633167 0.025701501092813935
-0.0028613879365580893 -0.004016378342777557 -0.000570380272475939
0.002966926074292722 0.011469268181678342 0.0008265177752925768
0.013959493903506766 -0.008712232561082587 -0.0003770913235911613
-0.02366544510977612 -0.005311295718128338 -0.012509233875984783
0.01949846740191656 0.0014384018097989898 0.01677463479094518
1.6171810434779135 -10.544904694488036 13.94357543203542
-2.2660745754977856 0.6704363561572328 -18.411624987129354
1.2507763456987133 1.4544009171508512 10.915949512862243
0.0074517040171284835 0.05221647592142516 -0.017384147181907
0.030792233961294612 0.05045197312424387 0.021720697403205355
0.003743639335148731 -0.06063818214829442 -0.002768893838318748
-0.06846342002369718 0.03390264447003554 -0.015252039635312947
0.09036791980160891 -0.013278832206206997 0.026575451738998477
-0.027377067257072774 0.015223579912777766 0.012886325199575945
-0.6532336397064875 8.347895936474275 -6.506229344925936
0.011606823507265053 -0.004002148481509966 0.030876427307127856
-0.0003106853043424034 -0.0037626124835055184 -0.00161153178855468
0.0015996735708316875 0.007831166984264244 -9.130827646704221e-05
0.009761684829567423 -0.0054346211824474605 -0.0012972890188953788
-0.01731536951911364 -0.0026064362555137505 -0.008214187416716902
0.00949487493080009 0.0022696628721807634 0.01288988266489284
1.5239114177994886 -9.45781800041574 14.273283689249048
-2.139402722137236 0.518239689147941 -18.02756814644771
1.1864976907094602 1.3851358816090797 10.501031660556508
0.10424559200282703 -0.03141834785706862 -0.017136310431496455
0.041239323775251004 0.04265756661492091 0.042742945782526444
-0.025585290559128608 -0.05287460700505124 0.003889495413141538
-0.07813735404211444 0.01379585049892947 -0.023974944592346222
0.10784574690352755 0.0131116313363128 0.02221399926048184
-0.03312830285272413 0.008204700842538507 0.002286264376992953
-0.6499489133972187 7.5608387522985 -6.765477258251313
-0.062082513066954906 0.019177109701623462 0.01718492912416072
0.002736876650466668 0.006691592261084665 -0.005525929458914503
0.00812169331847756 0.004591501902342694 -0.00725130013760991
0.012108426116947636 -0.007501508531565053 0.004465804794478973
-0.0068303334084436765 -0.008164382902280332 -0.010346294963310953
0.008408662187373978 -0.014667429501569417 -0.009818604274637786
1.2439673570821708 -8.083375859549253 14.014284798495853
-1.804583573084998 0.4290101582477394 -16.986850641137632
1.014863033208639 1.2440207190619244 9.725979736003492
0.0864369206264369 -0.0600405279750556 -0.0035681377128484416
0.0139013886366641 0.026178201445278233 0.04588774512266406
-0.026321685879726442 -0.023599039090527366 -0.006218449373937264
-0.04300501239420458 -0.019850656468289436 -0.02487261167397676
0.04127489842841998 -0.020054617813124908 0.014623554095994345
0.0037661699488224167 0.00962294368220841 -0.00058461013374353
-0.5574061964652128 6.469407207252499 -6.775848455471843
-0.014323541187602635 0.03308086998183216 0.01716002686694244
0.007309405404452574 0.0077434161731141 -0.007267901642422101
0.007999553675930736 0.0011573620497640675 -0.007446960730039288
0.009826905027043881 -0.007424430116365601 0.00674732588438273
-0.0067390251319766345 -0.00567297135867961 -0.009656146691832788
0.023032216283368323 -0.00020277552306317167 -0.002368086079281601
0.9277881404687051 -6.63189206395826 13.255260441017233
-1.4526625024326603 0.307311641400212 -15.542900371266052
0.8578127976853264 1.077417503340969 8.756436439288585
0.09269805958417693 -0.10200676049672604 0.023300212003907955
0.004874913305922215 0.0023004942382605443 0.03789767802091171
-0.024245311956430458 0.0011597336933086662 -0.005059901502400898
-0.018521350261541978 -0.03193418032801879 -0.020314312781258444
0.0046460497038684585 1.7787326584488742e-05 0.011069646244413494
0.03161875173658719 0.018449015133431723 -0.0029360947082129416
-0.4381919762306525 5.320775177376099 -6.490371350364978
-0.04556520160059866 0.043125966214979106 -0.004125473945829089
0.0072477426722930135 0.010908374483380796 -0.005284021817365456
0.007924846904275884 -0.0016174608974161763 -0.006912155110732325
0.0058461013374353 -0.005216429976344398 0.004290303172178684
-0.0008265177752925768 -0.005376515915604797 -0.010171979162782962
0.03955664268035837 -0.003422281634855634 -0.00017905908761718667
0.665579230177895 -5.234689259994262 12.10590031657264
-1.1239728661214374 0.2232641516449581 -13.811631415075228
0.6902206066062735 0.8888742131889329 7.6813443324430954
0.11497609322036294 -0.14208872222221297 0.037916651169268505
-0.005472567479161037 -0.02473861381370694 0.021088654398569853
-0.02161397344369842 0.02202782524223086 -0.00017312997875569043
-0.0020075962605026294 -0.034343770169330864 -0.014570192116240879
-0.003109224686968632 0.02024079183137589 0.0012629001874987008
0.033909759400669336 0.026458055383540853 0.006064292543538362
-0.35188905346448535 4.199805997803895 -5.998941905666951
-0.07240746323836447 0.060470981278400227 -0.007878599855156213
0.005927923039723949 0.013613233945995385 -0.004635377307917766
0.007604675025755086 -0.0026491258393165234 -0.006718866161847547
0.004216782222296131 -0.0027760087689525435 0.0027653363730018496
0.006501860777516785 -0.0038954245220030343 -0.009391708436610057
0.051535814224125384 -0.009573139167771843 -0.0024012890889059803
0.20993432910254223 -4.1708873622428335 10.617889652929511
-0.7054252133706945 0.12728966650391835 -12.009815550006776
0.6389966635082628 0.8555905676840375 6.6780561055538685
-0.06588544349071859 -0.17944447969318394 0.004679252713492838
-0.04238957089438127 -0.07634676316594258 -0.03157843379632901
-0.009786587086785706 0.07251300137609909 -0.011178741847465026
0.0489768108395036 -0.05549883058714947 0.02121909479352277
-0.07324702505315234 0.03431768209034028 -0.025588848024445505
0.06073186206830606 0.07090977033995052 0.03122861637350074
-0.06591746067857068 3.332971468074916 -5.243221247645955
-0.044381751471844005 -0.00507294554189619 -0.021705281720165462
0.002472438395243935 0.010826552781092147 0.0026301526909597354
0.0025068272266406135 -0.009218578457854365 -0.002740434115783566
-0.010489779397759162 0.004420743567131602 -0.008307867336728543
0.014796684074750037 0.0007861998350344024 0.0023763868316876964
0.03910840205042925 -0.013157878385432474 -0.0039416715711227054
0.01297170436718149 -3.2268783657508466 8.76703650011117
-0.47592245338166994 0.13629242539921424 -10.065863529845219
0.5620807058916165 0.7427382812578627 5.740723285639927
-0.044323646205001344 -0.2330957999590912 -0.07491666210854968
-0.03672134282279085 -0.11715681945962125 -0.10300522242900201
-0.00842170622686927 0.05440194544777267 -0.027419756840875543
0.00930514344723221 -0.058431367830045516 0.05821080498039785
-0.06521071090228032 0.07115049215972727 -0.0538718831155549
0.010024937263017855 0.14785655932267652 0.16405132726696736
0.12494529686008271 2.526751404058786 -4.385736922591557
-0.13442119864252605 -0.028814283245099465 -0.0014644898887895732
0.000636786291724697 0.00739359875028582 0.010335622567360259
-0.0015142944032261415 -0.02288043109651402 0.004924717820358783
-0.026541062907601803 0.008813027411728023 -0.017214574668468204
0.02981867428623693 0.009501989861433885 -0.0036950206424844613
0.043293167084873296 -0.017642656328268235 -0.012093010433907746
-0.002001667151641133 -2.0758130295976884 7.425518700752572
-0.2955779349633109 0.08934099814679775 -8.086298910217971
0.2881950086089758 0.4282393740957449 4.323182452459227
0.024590386092169538 -0.14051869419568877 0.03133771197655227
-0.05195678095329162 -0.059534182078283815 0.03357772930442555
-0.011431321884964764 0.06321141539418379 0.009199605309497576
0.043841016743675555 -0.04953177542893965 -0.020456611393934353
-0.05270266284806784 -0.0006201847869125075 -0.0060038156331511
0.06181688898995988 0.05094646080329266 0.031897419853077515
-0.02220214104275885 1.6417168817685575 -3.7259089280093125
-0.030422257568337243 0.047954632471781646 0.007256043424699108
0.004247613588375912 0.010036795480740848 -0.0005110891838609765
0.004761074415781486 -0.011669672061196913 -0.007832352806036544
-0.004263029271415802 -0.001492949611324755 -0.0017135124609724153
0.005597078765252457 0.004927089463903382 -0.006393950996237554
0.03750872847959756 0.0028068401350323235 -0.006851678200345064
-0.10482783049302595 -1.3800178748398362 5.821988837517367
-0.14024121190097075 0.060559917911322675 -6.272234692063441
0.19834529292186168 0.31376725512860915 3.307862877868252
0.01363695038144137 -0.13236024040226993 0.029306399280603652
-0.05759892094589144 -0.06361696644031015 0.03374137270900284
-0.010840782642359739 0.0647956732819756 0.01270133700309726
0.04790838542266198 -0.047787431601887455 -0.020183872386305524
-0.05301216233063795 -0.0027321333633774708 -0.00044231152106762007
0.05939544093092481 0.05417663931103581 0.024686437655725774
0.029235249974265697 1.0810805067956015 -2.9245697064079654
-0.02039969194886399 0.04985906223809424 0.008954140202631633
0.00407685525316482 0.008352928564075913 0.00033914502687758534
0.0040009626597376675 -0.01346500622445798 -0.0069678887340303905
-0.004853568514020828 -0.0015569839870289146 -0.002143965764317043
0.005342127084208118 0.006289598680275219 -0.005474939122705635
0.029832904147504516 0.002656240769950319 -0.007563171263724614
-0.17456600892194482 -0.844925286663978 4.292424607329328
-0.03209070880196229 0.027258485079842847 -4.5833375194404145
0.1355844898011516 0.22996404465844886 2.387221685221194
0.01123566129253539 -0.12651651070837924 0.02599439907057185
-0.06231849159964246 -0.0658878151342632 0.029760569019394268
-0.010846711751221236 0.0646178000161307 0.011836872931091109
0.04924954984713243 -0.045433575383873444 -0.016665539187893652
-0.0524548260976573 -0.002014711191136425 0.004711269901344918
0.061654431407154875 0.04165554721732804 0.013198196325690647
0.056602830657160076 0.6752211470084604 -2.1553117070344023
-0.008987343212256011 0.04847283658627642 0.0070295514661899506
0.004105314975700001 0.006839819982622071 0.0004909302137318893
0.003109224686968632 -0.01471249072891679 -0.00530892407458374
-0.0056765288239965074 -0.0013364211373812541 -0.0015949302837424907
0.004263029271415802 0.0071101873467062995 -0.003469714505747604
0.02113727309123412 -0.0003106853043424034 -0.0069809327735256815
-0.22605439027517824 -0.4522392209453094 2.821279886753612
0.03916294985195501 -0.009473530138898702 -2.989651162737065
0.09719943903182487 0.17570914111044128 1.5438000205644917
0.009267197150518635 -0.121990229003513 0.01873835564587274
-0.06465218884752738 -0.06579532103602387 0.02121790897175047
-0.010725757930446712 0.06321260121595611 0.008354114385848214
0.048925820503294734 -0.042867457068617866 -0.011029328304155319
-0.050680836726297626 0.0021072052893757664 0.005638582527282931
0.06958402159851997 0.024278514966054834 0.003738896048059534
0.07050421929382418 0.39171013440006647 -1.4154454861090486
-0.003391450268775854 0.04270381366404057 0.0038942387002307353
0.0039819895113808795 0.005686015398174901 0.0004553555605629118
0.002658612413494917 -0.015903055788305233 -0.003351132328517679
-0.006101053018479638 -0.0014633040670172738 -0.0009201976953042176
0.0030926231821564423 0.007334307661670858 -0.001606788501465483
0.017228804529735797 -0.003008429836323196 -0.005113263482154364
-0.21018572331826968 -0.18975638582509818 1.380116298046937
0.07251062973255452 -0.004585572793481198 -1.455487129894277
0.04733681932841374 0.1289640468464049 0.7324002870469578
0.033481677740869305 -0.11653189138561953 0.016964366274513063
-0.043407005975014026 -0.05075791514149707 0.017654514545991228
-0.007409014433325711 0.03924002826715446 0.007025994000873053
0.031959082585237074 -0.04018631404144926 -0.008712232561082587
-0.06089787711642796 -0.009120155250753527 0.007570286194358409
0.06676769488930924 0.030081926719687357 0.002109576932920365
0.05209077881356143 0.17389009051173426 -0.6940413243566216
-0.010513495833205145 0.04713285798357827 -0.0008300752406094746
0.006753254993244226 0.004379239805101128 -0.0002857830471241191
0.004968593225933855 -0.018449015133431723 -0.002669284809445611
-0.006008558920240297 -0.003347574863200781 -4.506122734737149e-05
0.0013577659292826408 0.0061259552756979235 -0.0001992180577462739
0.021194192536304484 0.002921864846945351 -0.0015712138482965056
0.002946767104163635 0.0022518755455962747 -0.012910041635021928
0.02727152911933814 0.018854566179558066 0.005067016433034692
-0.003550350386263953 0.04073179205670692 -0.0009972761105036688
0.023143683529964452 -0.03986732798470077 0.00019447477065707693
0.007401899502691915 -0.0004340107686615253 -0.0002573233245889371
0.00342821074371713 -0.0016992825997048245 -0.00014941354330970543
-0.0018143073116178516 -0.007429173403454799 -9.605156355623921e-05
-0.0038586640470617585 -0.0011573620497640675 0.0007352094988255347
-0.001379110721184027 -0.011647141447523228 0.003987918620242376
-0.01933719564088386 0.008661242224873718 0.004704154970711124
-0.05321730949724572 0.002799725204398528 -9.367992001164072e-05
-0.00011621053368532645 -0.00024546510686594464 -1.7787326584488742e-05
0.0019755790726505495 -0.006749697527927328 8.537916760554596e-05
0.00459861683297649 -0.0019293320235308793 -6.284855393186021e-05
0.014514458492942812 0.001502436185503149 -3.201718785207974e-05
-0.002005224616958031 -0.0036464019498201926 -0.0001553426521712017
-0.2037846573913983 -0.18447473565127734 -1.402050443369156
0.07206120328085308 -0.0028080259568046225 1.478999603995427
0.044690065132641815 0.12825255378302533 -0.743001533691313
0.03781585631862307 -0.1172279687659592 -0.017998402859958008
-0.040653527819735163 -0.048992226522543494 -0.018574712241295446
-0.007135089603924584 0.036678653238988085 -0.007401899502691915
0.029998919195626413 -0.03985428394520548 0.009206720240131373
-0.06150738950738978 -0.009778286334379611 -0.008108649278982267
0.0652557721296277 0.0323871642450371 -0.002664541522356413
0.046632441195667985 0.16623916843685949 0.7056410329332529
-0.012995420802627474 0.047839607759868626 0.0011466896538133743
0.0070805418023988185 0.004404142062319412 0.00035456070991747563
0.005255562094830274 -0.018607915250919826 0.002824627461616812
-0.005950453653397634 -0.0035361205249963617 3.5574653168977484e-06
0.0013945264042239175 0.006074964939489055 0.00016957251343879267
0.02183927958043528 0.003402122664726547 0.0014550033146111792
-0.22557057499208014 -0.44852997044155735 -2.8114221503604875
0.04007366097308084 -0.009264825506974037 2.9784356604146587
0.09540410486856382 0.17501306373010167 -1.536693390683102
0.01055381377346332 -0.1219593976374332 -0.01922217092897083
-0.06377112327070904 -0.06513481830885318 -0.021660220492818093
-0.01066646684183175 0.062336278926226944 -0.00854858915650529
0.04831512229056062 -0.04268602633745608 0.011230918005446192
-0.05078637486403226 0.0019234029146693826 -0.005838986406801504
0.06950101407445901 0.024418441935186146 -0.0035954116136113247
0.06972039110233438 0.38807084738088005 1.4105255115757789
-0.004180021747354855 0.043220831956763045 -0.003732966939198038
0.00409227093620471 0.0056765288239965074 -0.00041622344207703656
0.002745177402872762 -0.015964718520464796 0.0034210958130833345
-0.00605006268227077 -0.0015380108386721266 0.0008929237945413349
0.0031032955781071362 0.007304662117363378 0.0015700280265242062
0.017518145042176813 -0.0028874760155486725 0.005053972393539402
-0.17605184360263576 -0.8449976217920885 -4.2978165389279726
-0.03125233280894672 0.025848542992579042 4.588683203989938
0.13566986896875713 0.23091507371983286 -2.389958561871661
0.010581087674226206 -0.12657698761876648 -0.026001514001205643
-0.06245604692522917 -0.06596015026237345 -0.029653845059887333
-0.010843154285904337 0.06475654116348971 -0.011887863267299976
0.04938829099449144 -0.04538851415652607 0.016609805564595587
-0.052351659603467264 -0.0016672654118527446 -0.004730243049701707
0.06206235409682581 0.04094761161926538 -0.012848378902862369
0.05715068031596233 0.6763702083058183 2.157780587964329
-0.00875373632311306 0.04841117385411686 -0.007074612693537323
0.004091085114432411 0.006838634160849772 -0.0005075317185440788
0.0030961806474733406 -0.014714862372461385 0.005302994965722243
-0.005659927319184318 -0.0013304920285197581 0.0016482922634959568
0.004220339687613029 0.0070485246145467395 0.0034625995751138084
0.02110999919047124 -0.0005004167879102833 0.006991605169476375
-0.10615239341268422 -1.3799573979294488 -5.825511914002869
-0.13925697982996235 0.05933022073344835 6.275790971558567
0.19821248088336416 0.31460088783453544 -3.3094672947261725
0.012968146901864592 -0.13237328444176522 -0.02937754858694161
-0.057736476271478154 -0.06371420382563868 -0.033678524155070985
-0.010827738602864446 0.06490951217211631 -0.012780787061841312
0.04804831239179329 -0.047770830097075265 0.020153041020225745
-0.05303113547899474 -0.002536472770948095 0.0002928979777579146
0.05968359562159353 0.053564755276529395 -0.0243295053022637
0.029796143672563242 1.0820362791440745 2.92606265601929
-0.019930106527033486 0.04987566374290644 -0.008986157390483713
0.004074483609620221 0.008342256168125221 -0.0003521890663728771
0.003987918620242376 -0.013468563689774875 0.006965517090485792
-0.004841710296297835 -0.00154868323462282 0.0022080001400212024
0.005285207639137755 0.006220821017481864 0.005457151796121146
0.029720251079136093 0.002490225721828424 0.007554870511318518
-0.004813250573762653 -2.0651370761816783 -7.405749865986571
-0.29203351368590846 0.0880176210489118 8.063441009735131
0.2864352490988837 0.4271673912135863 -4.309761321640343
0.02379351386118444 -0.14036690900883445 -0.031452736688465294
-0.05214651243685949 -0.05966343665146444 -0.033614489779366825
-0.011401676340657283 0.06332169681900764 -0.009359691248757976
0.04404379226673873 -0.049512802280582864 0.02049337186887563
-0.052763139758455105 -0.0005976541732388217 0.005716846764254682
0.06192598459301141 0.05065593446907934 -0.0316116368059534
-0.020847932578793107 1.6336212765290705 3.7158828049245223
-0.029794957850790945 0.048087444510279166 -0.007320077800403267
0.004253542697237408 0.009998849184027271 0.0004909302137318893
0.004744472910969298 -0.011702875070821293 0.007829981162491945
-0.004253542697237408 -0.001492949611324755 0.001782290123765772
0.0055472742508158885 0.004889143167189806 0.006369048739019269
0.03731188206539589 0.002714346036792982 0.006863536418068057
0.00960634217739622 -3.228223087640634 -8.760808564163053
-0.47337767985831586 0.13643590983366247 10.058467559451389
0.5644061023870954 0.7432790159860312 -5.737972179128192
-0.04405920794977861 -0.23409900517845633 0.07554277600432369
-0.03671304207038477 -0.11745801818978525 0.10436061671474005
-0.008220116525578398 0.054668755346540004 0.02757035620595755
0.009287356120647723 -0.05801751603151308 -0.05917606390304945
-0.06467471946120107 0.07272407765156838 0.05450155447664581
0.008781010223875943 0.151064207216746 -0.16420429827559396
0.12723274705884796 2.5263707552698773 4.382741536794729
-0.13813756407691186 -0.031391073956305734 0.0013067755930737729
0.00047195706537510134 0.007435102512316295 -0.01052416822915584
-0.0015534265217120168 -0.023012057313239236 -0.0050954761555698745
-0.026819731024092127 0.00891382226237346 0.01752170250749371
0.030413956815931148 0.00975101243361673 0.003660631811087783
0.043357201460577456 -0.01844190020279793 0.012110797760492236
0.2044416026532521 -4.166742915148647 -10.6100905031331
-0.7011455825944665 0.12682601019094936 12.000857852338827
0.6391662360217015 0.8564348727859147 -6.673427843176586
-0.0679452159092024 -0.17976227992816013 -0.004476477190429667
-0.04263740764479181 -0.07670725298472156 0.032066992366516306
-0.009696464632090963 0.07304543535186148 0.01135898675685451
0.04947841344918618 -0.055832046505165565 -0.021636504057372108
-0.07454668571559232 0.0342856649024882 0.025925621407778494
0.061442169309913315 0.07197226664793065 -0.03156657557860602
-0.06216789223456046 3.3290380972561997 5.239261788748248
-0.04491062798228948 -0.006550479470181054 0.022021896133369363
0.0024297488114411623 0.010843154285904337 -0.002728575898060573
0.0024759958605608335 -0.009232808319121957 0.0026657273441287126
-0.010651051158791858 0.004466990616251273 0.008459652523582845
0.014873762489949484 0.0009178260517596191 -0.0025127563355021097
0.03939537091932567 -0.013001349911488972 0.0038195319285758826
0.6616067272406926 -5.216182139593988 -12.092219490785622
-1.118593978562288 0.22178543189490094 13.790809570575425
0.6877754421117923 0.886369757605837 -7.668248116789822
0.1159792984397281 -0.14274922494938364 -0.03861272854960816
-0.005318410648762134 -0.024965105772216098 -0.02068310335244351
-0.021681565284719477 0.022146407419460782 4.031794025817448e-05
-0.0019044297663125948 -0.034279735793626705 0.014391133028623692
-0.0032242493988816597 0.020888250519051278 -0.0015000645419585505
0.03407221698347434 0.025764349646745795 -0.0055638757556280794
-0.3514147247555657 4.186579341755669 5.992959434825702
-0.07344505728912631 0.06032749684395202 0.008190470981270917
0.00593978125744694 0.013678454143471843 0.0046033601200656865
0.007609418312844283 -0.002646754195771925 0.006686848973995468
0.004239312835969817 -0.0027617789076849523 -0.0026325243345043338
0.006616885489429812 -0.003910840205042925 0.009378664397114765
0.051744518856050054 -0.010045096233146944 0.0023977316235890824
0.9247856397412434 -6.618186335914024 -13.249078752118235
-1.4489058190580164 0.30534199143642293 15.53045517176577
0.8560684538582741 1.0756743453356892 -8.748277985495166
0.09465703715201529 -0.10308467248774605 -0.024176534293637097
0.005036185066954912 0.0018558110736483257 -0.03745892396516099
-0.02432001872808531 0.0011988658117945412 0.004860683444654624
-0.018708710101565263 -0.0316068935188642 0.02017675745567173
0.005075317185440787 0.0012415553955973143 -0.011192971708732617
0.03165669803330076 0.01796875731565053 0.0033950077340927512
-0.4377982834022491 5.311060925417423 6.488055440443677
-0.047723397226183295 0.0437580092196146 0.004730243049701707
0.0071884515836780506 0.011002054403392438 0.0052650486690086675
0.007935519300226578 -0.0016435489764067596 0.006903854358326232
0.005828314010850812 -0.00518204114494772 -0.004195437430394745
-0.000627299717546303 -0.005384816668010892 0.010249057577982414
0.03985191230166087 -0.004014006699232959 0.0002869688688964184
1.2411640744124555 -8.087740869493087 -14.017348961955474
-1.801369996082067 0.4279405470091255 16.991293915318433
1.0142060879467851 1.2463484872009478 -9.7273149713191
0.08534003548706008 -0.06040576108092376 0.0035384921685409606
0.01339978602698152 0.02539318743201613 -0.046033601200656867
-0.026083335703494293 -0.02299545580842705 0.005790367714137235
-0.04222948495512087 -0.01983998407233874 0.024999494603612775
0.040757880135697505 -0.020228933613652897 -0.015151244784667511
0.004163420242542665 0.008823699807678715 0.002186655348119816
-0.5566199966301785 6.474020053946743 6.7753658260105185
-0.012913599100338829 0.03351013746340449 -0.017661629476625022
0.007267901642422101 0.00767819597563764 0.007241813563431517
0.00793077601313738 0.0011431321884964765 0.007471862987257572
0.009780657977924209 -0.0073011046520464785 -0.006582496658033134
-0.006729538557798241 -0.005649254923233624 0.009516219722701478
0.02193533114399152 -0.0006948915585673601 0.0026858863142578
1.5151232926449787 -9.452402352381648 -14.275656518615419
-2.1318561523783233 0.514954962838672 18.025520232246947
1.1849762813756 1.3882818667709895 -10.497924807513083
0.10201980453622132 -0.03222470666223211 0.018050579017939175
0.040449566474899695 0.04141126793223439 -0.04273464503012036
-0.025212942522626645 -0.05164253818363232 -0.00404365224354044
-0.07658155587685783 0.013402157670526117 0.023762682495104662
0.1060136522653252 0.01292189985274492 -0.022174867141995968
-0.0316033360535473 0.008335141237491425 -0.0007672266866776145
-0.6463665458231026 7.556789170946099 6.765282783480657
-0.06061683735639304 0.019096473821107116 -0.017758866861953562
0.002664541522356413 0.006646531033737293 0.005465452548527241
0.008031570863782818 0.004500193625875651 0.007277388216600494
0.011886677445527676 -0.007309405404452574 -0.00432943529066456
-0.00669989301349076 -0.008061216408090297 0.010087785816949715
0.0077718758956492814 -0.014699446689421497 0.009944301382501507
1.616452948909722 -10.553242207369074 -13.939189077299686
-2.264874523864219 0.671459720346727 18.412363754093498
1.249741123291496 1.4556140128239132 -10.916797375429438
0.0065967265193007255 0.05256985080957033 0.017305882944935246
0.030666536853430886 0.05064289042958405 -0.02204679839058765
0.003831390146298875 -0.06055873208955038 0.0024463503162533515
-0.06838515578672542 0.03384928249028208 0.015584069731556736
0.09051377587960172 -0.013944078220466876 -0.02692408334005446
-0.02747549046417361 0.01483700201500821 -0.011776396020703848
-0.6524035644658781 8.354666978794103 6.501662745280811
0.012579197360550439 -0.004114801549878396 -0.031181183502608765
-0.0003106853043424034 -0.0037851430971792047 0.0016340624022283658
0.0016174608974161763 0.007911802864780593 0.00011621053368532645
0.009869594610846653 -0.005458337617893445 0.0013020323059845758
-0.017456482310017254 -0.002599321324879955 0.008258062822291974
0.009035961904920281 0.0021510806949508383 -0.012758256448167625
1.6512105708775853 -11.341385604288273 -12.912712105653148
-2.3562148175191138 0.8505935147355684 18.107330076317876
1.2586395298708295 1.4301318887589747 -10.928019992682476
0.03054558303265637 0.07902316290602199 0.014385203919762194
0.04691466677747521 0.0672930139344378 -0.02113727309123412
0.0048808424147837115 -0.08284269483459787 9.84232071008377e-05
-0.09630888688082816 0.051989983962915993 0.014911708786663065
0.14070131074862285 -0.003782771453634606 -0.02964910177279813
-0.053455659673477866 0.043089205740037835 -0.037934438495852985
-0.6267388238480054 8.912427735969233 5.826748726111376
-0.011141981372523747 -0.0038266468592096786 -0.026635928649385743
-0.0026194802950090424 -0.0041432612724135775 0.0002703673640842289
0.002366900257509302 0.011019841729976925 -0.0013269345632028603
0.012907669991477331 -0.008269921040014967 0.000423338372710832
-0.023042888679319015 -0.00471008407957262 0.011650698912840127
0.021355464297337184 0.0033950077340927512 -0.018402768084312057
1.4027168752051882 -11.480385260793648 -11.189568400246117
-2.0952747365246633 1.030744744205043 16.92214390448858
1.1536729582304446 1.340760059246097 -10.403653162437067
0.00952807794042447 0.08313559281235577 0.006448498797763319
0.038175160315629744 0.05850370295815578 -0.018715825032199054
0.006736653488432037 -0.05802700260569148 -0.00682677594312678
-0.0622592005110275 0.030786304852433118 0.015869852778680856
0.09172094244380236 -0.014528688354210405 -0.017511030111543018
-0.03875977044937327 0.019934849814122683 -0.026147370079198453
-0.5125987349771135 9.00276245276122 4.748025632999106
0.015890011748809944 -0.014024714100983224 -0.024470618093167314
-0.0012557852568649051 -0.0036333579103249003 0.0004114801549878396
0.0007719699737668114 0.01045894803167938 -0.0005051600749994803
0.008568748126634376 -0.0053219681140790325 0.00036523310586816885
-0.020453053928617456 -0.004213224756979233 0.007476606274346768
0.002818698352755316 0.0030487477765813705 -0.013342866581911155
1.0957194765746356 -10.978015424424386 -9.077085018161847
-1.7559316774111042 1.149807179252749 15.1063649880513
0.9926348040868895 1.1584091303890076 -9.542030319397343
0.0021202493288710583 0.08265770663811918 0.026392835186064396
0.03387774221281726 0.04255440012073087 0.014220374693412599
0.01267050563701748 -0.06090024875997256 0.014768224352214853
-0.05952825296942233 0.03711622147296651 -0.009654960870060488
0.08743182509339598 -0.0010055768629097634 0.001107557535327499
-0.03642963066680524 0.021236882120107263 -0.04665378598756938
-0.38475528970553136 8.563097685889371 3.545327245236493
0.036764032406593636 -0.009717809423992349 -0.017333156845698132
-0.0005205757580393705 -0.006897925249464735 -0.0016625221247635478
-0.00334994650674538 0.009727295998170743 -0.004829852078574844
0.0066287437071528045 -0.0026076220772860495 -0.0008194028446587814
-0.021778802670048013 -0.004381611448645727 0.0020241977653148186
-0.005553203359677385 -0.0010802836345646164 -0.010137590331386285
0.670996064033758 -9.673297232125552 -6.772055011622258
-1.2849458000675162 1.1784008996482007 12.600850466112622
0.8001308692153739 0.958700142429002 -8.11575709468543
-0.022556701752676322 0.021310403069989815 0.023926325899681956
0.011260563549753673 0.007658037005508554 0.0060180454944186905
0.006914526754276924 -0.02803519834069886 0.008744249748934665
-0.0314456217578315 0.016943021482611675 -0.0067686706762841164
0.03898744822965473 -0.0054429219348535555 0.008842672956035504
0.0071101873467062995 -0.004650792990957656 0.009654960870060488
-0.21104070081609744 7.542993320447169 2.256025921799322
0.03511574014309767 -0.014840559480325108 -0.01518326197251959
-0.003013173123412393 -0.003977246224291683 -0.003383149516369759
-0.0023740151881430976 0.005944524544536138 -0.0019400044194815725
0.0022495039020516763 -0.0009012245469474297 -0.00020277552306317167
-0.010453018922817883 0.0006948915585673601 0.004125473945829089
-0.006933499902633712 -0.001497692898413952 -0.0028981484114993655
0.35004984389564925 -7.284346618760346 -4.146760632463633
-0.7632458829880058 1.0738422506974867 9.013177525387322
0.49662927316955946 0.5684118083339222 -5.906878260730953
-0.0005253190451285676 0.0018071923809840562 -0.007456447304217679
0.0030119873016400934 0.0017550162230028892 -0.0017229990351508094
-3.5574653168977484e-06 -0.005573362329806472 0.00123206882141892
-0.0015036220072754483 -0.00040555104612634334 0.004349594260793647
0.0002703673640842289 0.00388712376959694 0.003288283774585819
0.0016447347981790592 0.005431063717130563 -0.0010530097338017337
-0.08735830414351341 5.639208641178706 1.0372335609430643
-0.0019340753106200758 0.0002347927109152514 -0.0036214996926019075
-0.0018890140832727043 -0.0017182557480616124 -0.003319115140665599
0.00019566059242937615 -0.0021510806949508383 0.0024463503162533515
0.00246413764283784 -0.0018119356680732534 0.006449684619535618
0.0019281462017585796 -8.775081115014445e-05 0.005019583562142723
0.0002656240769950319 0.0015178518685430393 -0.0023846875840937906
-0.07857492227609286 7.216074116041989 1.8891717975684204
-0.2752161893111605 -2.3113611089818944 -7.659685297772048
0.22914464181379007 0.4138091089486353 5.404594989351071
-0.053428385772714984 -0.023040517035774418 -0.01755134805180119
-0.018743098932961937 -0.005383630846238593 -0.014539360750161098
0.004127845589373687 -0.018208293313654977 -0.009947858847818404
-0.026129582752613966 0.009362062892302575 0.000998461932275968
0.02486549674334296 0.003519519020184172 -0.006816103547176085
0.014699446689421497 0.003783957275406905 0.024673393616230485
0.1368568765628287 -5.285659437233001 0.3809974205091151
0.0575230283524643 0.00480376399958426 0.015869852778680856
-0.0003640472840958696 -0.005556760824994283 0.00035693235346207413
-0.0024629518210655416 0.0007731557955391106 -0.003799372958446795
0.00815371050632964 -0.004593873545887292 0.002043170913671607
-0.00971543778044775 -0.0010731687039308207 -0.0017170699262893132
-0.010737616148169704 0.00274992068996196 -0.004647235525640759
-0.04719570653751013 10.218661408493068 1.697076971208348
-0.6336557222458269 -3.3783042486081443 -10.539947959479825
0.4022105861937763 0.5579030557878063 7.610534171132017
-0.018866424397281055 0.08931372424603487 -0.05965395007728604
0.011883119980210778 0.05359084335551998 0.00671530869653065
-0.0023325114261126237 -0.03610471550119525 -0.00029645544307481235
-0.041111255023842684 0.025780951151557985 -0.008750178857796161
0.08160113943900055 -0.034560775553661625 0.03057404275519155
-0.05742579096713576 -0.03123573130413453 -0.06484666361818446
0.28475612546930795 -7.42548668356472 1.3072653374657326
0.04088713470887813 -0.03732374028311888 0.04167807783100172
0.0024321204549857603 -0.0024605801775209424 0.0014324727009374933
-0.0006474586876753903 0.01033443674558796 -0.0006616885489429813
0.004300975568129378 -0.003519519020184172 0.00022412031496455817
-0.022203326864531147 -0.0007945005874404972 -0.006642973568420395
-0.004631819842600869 -0.005796296822998731 -0.014700632511193797
-0.3269417350188538 12.265095703682041 0.7567440222104891
-0.7607497281573159 -4.279227596825409 -12.314454349132227
0.602957168204544 0.8657340871242853 9.162738110596795
-0.023076091688943392 0.05347344700006235 -0.044458829887043465
-0.006353633055979379 0.02383976091030411 0.002445164494481052
0.0016316907586837674 -0.007118488099112395 -0.0009972761105036688
-0.010901259552747 0.0105870167830877 0.000423338372710832
0.027445844919866128 -0.038325759680711745 0.005148838135323341
-0.008346999455214417 -0.022229414943521732 -0.027219352961356972
0.47781383910848724 -8.847780290408798 2.436409572336167
0.05522727740129295 -0.027419756840875543 0.024847709416758474
0.003525448129045669 -0.0005929108861496247 -0.0007565542907269212
-0.002468880929927038 0.00865768475955682 0.0014372159880266906
-0.003172073240900492 0.0016791236295757373 0.005068202254806992
-0.01587578188754235 0.0029479529259359345 0.0013802965429563264
-0.010712713890951419 -0.009318187486727504 -0.008754922144885359
-0.35626592162604187 13.735406791551833 -0.5299212194268609
-1.0745584870479556 -4.996100733585881 -13.651391318984428
0.7865935278628057 1.0608397149642255 10.452182918468413
0.025601892063940798 0.05651745148955453 -0.0453458245727233
0.019285019482902694 0.03531614402261625 0.008116950031388364
-0.0022068143182489034 -0.04347934110312428 -0.006029903712141683
-0.05102591086203671 0.030676023427609285 -0.0018890140832727043
0.07435102512316295 -0.006565895153220943 0.010806393810963062
-0.0614718148542208 -0.05329675955598976 -0.050403354431579596
0.6371693121571497 -9.795269673802482 3.807229027688278
0.016284890398985594 -0.0235373763583678 0.01718492912416072
0.002847158075290498 -0.0007695983302222129 0.0025032697613237157
-0.0006012116385557195 0.011736078080445673 0.0022246016448333916
0.0039013536308645305 -0.0014218003049868001 0.004697040040077327
-0.01719560152011142 -0.0007186079940133453 -0.008530801829920802
-0.0027072311061591865 -0.009334788991539692 -0.01143606517205396
-0.5864623873518615 14.55076954143239 -2.137644148448916
-1.218023948347808 -5.561897804911884 -14.478289743065915
0.9776839631817407 1.3412877499347702 11.414286369383913
0.03506593562866111 -0.01396542301236826 -0.019554201025214626
0.023280053033778867 0.012134514195938221 -0.0001755016223002889
-0.011625796655621842 -0.04803882581761489 -0.008456095058265948
-0.06440790956243372 0.020973629686656826 0.0003178002349761989
0.06808632870010602 0.02818579770578086 -0.006508975708150581
-0.03603356619485729 -0.020526574878500004 0.024541767399505268
0.809055363873698 -10.312676916066268 5.215379338254142
0.0032716822697736294 -0.0011514329409025713 -0.0038657789776955537
0.0029930141532833053 0.0012996606624399774 0.0020645157055729935
0.0009866037145529756 0.012428597995468435 0.0006616885489429813
0.007899944647057601 -0.00037590550181886207 0.007354466631799945
-0.010296490448874384 -0.0043235061818030635 -0.009908726729332528
-0.0014739764629679672 -0.004123102302284491 -0.00020277552306317167
-0.9965859622321905 14.32022325828374 -3.8865771057599097
-1.2563995125429561 -5.863850717723075 -14.713416855720954
1.2124078964341987 1.7088521814072795 11.908294976436691
0.06535419533672854 -0.18507357564628846 0.11049605856461638
0.11603147459770928 0.01527812771430353 -0.016377384497224937
-0.04514779233674932 -0.0327049644800133 0.0021415941207724447
-0.0853115757645249 -0.033806592906479305 0.00249615483068992
0.04875031888099445 0.14088867058864613 0.03569797863329661
0.1155037839090361 0.11068697586995654 0.10805326571367992
0.9632323532427297 -10.19213931873382 6.589211966729665
-0.24573903169534578 0.014449238295466354 -0.0998639805541813
-0.007515738392832643 0.027027249834244496 -0.0031317553006423183
0.010887029691479411 0.015712138482965054 -0.0007162363504687467
0.003782771453634606 -0.001705211708566321 -0.003164958310266697
0.0248121347635895 -0.029937256463466854 -0.020801685529673434
0.07593528301095474 -0.013900202814891802 -0.012342033006090587
-0.8132128550073794 14.163117289137132 -4.747033100175691
-1.364590333582223 -5.639240658366557 -14.64638946586351
1.2053641151067411 1.4922487906573263 12.033006666407632
0.0323966508192155 -0.05488813237441536 0.053711797176294505
-0.01455003314611179 0.032182017078429326 0.022648010029143368
-0.018348220282786286 1.7787326584488742e-05 -0.00047551453069199904
-0.027163619338058907 -0.03927323127677884 -0.033569428552019456
0.027324891099091607 -0.03471374656228823 0.011904464772112166
-0.078210874991997 -0.027915430341696634 -0.03573118164292098
1.0506677358014427 -9.911337908875133 7.379763767668405
-0.018745470576506534 0.0065184622823289745 -0.027456517315816824
0.009372735288253267 0.008156082149874238 -0.010180279915189057
0.0034614137533415094 0.01606788501465483 -0.002202071031159706
0.00840510472205708 -0.0012059807424283369 0.018962475960837298
-0.010049839520236139 0.0005691944507036397 -0.014088748476687384
0.007880971498700812 -0.01030123373596358 -0.002868502867191885
-0.9016229830629222 13.09198108372403 -5.773297809724988
-1.333923796728792 -5.308709440842954 -14.1304087671918
1.2346574703478495 1.4699838010606354 11.858185705804644
0.05299793246937035 -0.07508860626553307 0.07457751708167211
-0.013240885909493419 0.037838386932296755 0.027301174663645622
-0.020455425572162053 0.022319537398216474 -0.003608455653106616
-0.010134032866069384 -0.058359032701935265 -0.0391854804656287
0.0077635751432431855 -0.041497832921612236 0.022196211933897352
-0.06068561501918639 -0.03536357689350822 -0.03469714505747604
1.1029850065735132 -9.102873084244038 8.078310028937992
-0.10069286997301846 -0.015299472506204915 -0.05979980615527886
0.00862685339347704 0.015289985932026523 -0.013495837590537758
0.006406995035732844 0.0173817755383624 -0.004056696283035732
0.006807802794769991 -0.0016328765804560664 0.021230953011245765
-0.003938114105805808 -0.0008775081115014446 -0.017324856093292037
0.02444927330126593 -0.015093139517824847 -0.005926737217951649
-0.9952021082239174 11.62377957278716 -6.558506297757748
-1.2068096318471737 -4.816396558924564 -13.310627645387655
1.1851897292946139 1.4008088879735587 11.391657332503128
0.063679814994242 -0.1121822971248259 0.09231148168640738
-0.015275756070758931 0.009505547326750786 0.015601857058141223
-0.01720627391606211 0.03905859753599269 0.0010375940507618433
0.00819877173367701 -0.06048402531789552 -0.0341291364285447
-0.022164194746045272 -0.02515365143401168 0.019059713346165838
-0.00856519066131748 0.005433435360675161 0.017390076290768493
1.09390635508479 -8.064649362121104 8.461775144555263
-0.13064198465420832 -0.015571025692061447 -0.0798105485628287
0.007894015538196105 0.017515773398632212 -0.01322665604822583
0.0062065911562142724 0.01334998151254495 -0.0063192442245827
0.002969297717837321 3.201718785207974e-05 0.016750918355499196
0.0032716822697736294 -0.0028044684914877247 -0.015054007399338973
0.024551253973683664 -0.01224479562076205 0.002091789606335876
-0.9871183612021533 9.97097169998229 -6.945852608035754
-1.0632255883700916 -4.208927338876421 -12.296310090194273
1.0747849790064647 1.2660663316307397 10.703891376965512
0.06721593551923837 -0.11340369355029412 0.07347944612052298
-0.025543786797098133 -0.005881675990604278 0.02105782303249007
-0.014384018097989896 0.04814792142066642 0.0024356779203026585
0.021491833801151602 -0.05967173740387053 -0.03627310219286174
-0.0341338797156339 -0.024227524629845967 0.00804342908150581
0.017768353436131954 0.033320405979836605 0.032568594976198885
1.0278442241499988 -6.904243307867545 8.519582770133077
-0.1285857697010414 -0.016545771188891428 -0.06949627078736982
0.00767938179740994 0.017100735778327478 -0.011960198395410229
0.005952825296942233 0.009567210058910345 -0.008012597715426029
0.0015984877490593885 0.0001600859392603987 0.018162046264535305
0.005211686689255202 -0.0028080259568046225 -0.014418406929386575
0.02344369643835616 -0.00962412950398071 0.0031032955781071362
-0.9840186230893632 8.109946568001163 -7.0600448730646255
-0.8431275808571725 -3.52269465089039 -11.097547444893925
0.936120910062652 1.1350745295537032 9.759902539443656
0.009386965149520858 -0.13723515370819214 0.08983548582584655
-0.03345677548365103 -0.034513342682769656 0.014509715205853615
-0.008740692283617768 0.058509632067017266 0.016587274950921903
0.03732492610489118 -0.05503873173949737 -0.03282473247901553
-0.0527773696197227 -0.014250020237720082 0.022851971373978836
0.07967299323724196 0.09370956555594818 0.07610604134616583
0.908307460393373 -5.644962248417901 8.289642441910074
-0.07728474818783129 -0.003986732798470077 -0.06069272994982018
0.006801873685908495 0.014034200675161618 -0.007416129363959507
0.003846805829338765 0.004142075450641278 -0.008350556920531315
-0.0003296584526991913 0.0015451257693059222 0.007168292613548963
0.0072477426722930135 -0.003772099057683913 -0.013009650663895067
0.011026956660610722 -0.0005110891838609765 0.003282354665724323
-0.7938211115649697 6.4346507711064085 -6.768620871769679
-0.6915404262388425 -2.801805135787141 -9.818290031868127
0.7531569113492838 0.8872697963310121 8.672493301849293
0.07624715413706944 -0.12649279427293322 0.09787298579849085
-0.024891584822333543 -0.03409949088423722 0.040639297958467574
-0.00838731739547259 0.04789771302671129 0.024130287244517427
0.032771370499262056 -0.04539325744361527 -0.042981295958758596
-0.04948671420159228 -0.008349371098759016 0.041041291539277026
0.03911195951574614 0.07894252702550562 0.059614817958800165
0.7504164772335002 -4.47258532337298 7.759003800310972
-0.10835209280029932 0.020958214003616936 -0.044272655868792476
0.00543580700421976 0.012005259622757601 -0.00448714958638036
0.003597783257155923 0.0018795275090943107 -0.00886520356970919
-0.000508717540316378 0.0014633040670172738 0.0029123782727669568
0.009126084359615025 -0.0022554330109131725 -0.01676159075144989
0.007124417207973891 0.005914879000228657 0.00657301008385474
-0.659270658349263 4.79260897417224 -6.270091912120897
-0.505126871989856 -2.132140749603675 -8.466148455251501
0.5742128484440102 0.7043627170627144 7.525007961626707
0.061274968440019124 -0.12352468237686823 0.0992224509753674
-0.02554734426241503 -0.041801403295320845 0.048006808629762816
-0.005552017537905087 0.04397382878217306 0.02724069775325836
0.03261721366886316 -0.040802941363044874 -0.04416830355283014
-0.051552415728937574 -0.007478977917891366 0.04121560733980501
0.0462992252776519 0.1079050379921425 0.06649495588168042
0.5907313457321388 -3.3579353880253597 7.034746551374393
-0.07021250713783855 0.03575015479127777 -0.03695732135547841
0.0034483697138462176 0.008942281984908642 -0.002019454478225622
0.0021937702787536116 -0.0012795016923108902 -0.009949044669590703
-0.0011763351981208554 0.0013293062067474585 -0.001107557535327499
0.008019712646059825 -0.0011573620497640675 -0.015438213653563928
-0.00035811817523437333 0.01124989115380298 0.003946414858211902
-0.5179835516451243 3.3066023493242973 -5.525544066838505
-0.33768883774120184 -1.5140951851683955 -7.053758831849668
0.41649855272821 0.5381116904081318 6.312033242385349
0.020685474995988107 -0.10825841288028767 0.08762748568582533
-0.02692171169650986 -0.04200655046192862 0.046704776323778244
-0.0019020581227679962 0.04069384575999334 0.0260691058422267
0.03142071950061321 -0.036094043105244555 -0.039697755471261975
-0.04779454653252125 -0.00856281901777288 0.032219963375142914
0.05824756545533913 0.11850509881472551 0.05483595621643419
0.4323423174279003 -2.342467585712848 6.112312396207621
-0.03201244456499054 0.0316080793406365 -0.02561256445989149
0.0010767261692477186 0.006089194800756646 0.0002158195625584634
0.0010992567829214044 -0.0028424147882013012 -0.009554166019415052
-0.0016044168579208845 0.0012154673166067307 -0.0034199099913110355
0.006491188381566091 -0.0001150247119130272 -0.012950359575280103
-0.001954234280749163 0.011616310081443449 -0.001482277215374062
-0.3337696967837528 2.212027190759931 -4.597259067047207
-0.22979802961032694 -1.003118654375787 -5.651122592524996
0.2612602528729706 0.32481911404643815 5.18496538143821
-0.02483703702080778 -0.034532315831126446 0.02205509914299374
-0.024673393616230485 -0.020611954046105555 0.004214410578751533
-0.0029550678565697297 0.019670411558899953 0.016428374833433804
0.017403120330263786 -0.01464727053144033 -0.013978467051863553
-0.017289281440123056 -0.003473271971064502 -0.01956250177762072
0.02567659883559565 0.03859968451011287 0.008567562304862077
0.28943063489571164 -1.5366234271985364 5.058134627960172
0.028936422887646286 0.019985840150331554 0.007066311941131227
0.000974745496829983 0.0008099162704803874 0.0031898605674849814
0.0008988529034028312 -0.0035432354556301573 -0.0066987071917184605
0.0004707712436028021 -0.0013103330583906707 -0.0008158453793418837
0.0037863289189515037 -0.0023325114261126237 -0.010575158565364708
0.004483592121063462 0.004283188241544889 -0.004608103407154882
-0.19381426792990622 1.2556050119555158 -3.5586499528482753
-0.13205074091969982 -0.5701561521609744 -4.2344806122476975
0.14918467970765167 0.1829936442576756 3.9070218589361216
-0.015514106246991082 -0.0187976467344877 0.016724830276508614
-0.014342514335959424 -0.011874819227804683 0.0036203138708296085
-0.002157009803812335 0.010775562444883278 0.013274088919117797
0.010355781537489344 -0.008495227176751824 -0.009966831996175193
-0.008983785746939114 -0.00180126327212256 -0.015773801215124617
0.013640507846758267 0.023267008994283574 0.0010447089813956387
0.16800604287758536 -0.8709339155958176 3.8852003666822705
0.018939945347163614 0.011789440060199139 0.007242999385203815
0.00022412031496455817 -0.00011028142482383019 0.00317563070621739
0.0005620795200698442 -0.002719089323882179 -0.004510866021826345
0.0007304662117363377 -0.0012557852568649051 -0.0009545865267008959
0.0023206532083896313 -0.00135895175105494 -0.008176241120003326
0.002899334233271665 0.0030736500337996547 -0.004789534138316669
-0.11813630824354043 0.5202472854084437 -2.4127880026319657
-0.04815029306421102 -0.27361177245323964 -2.8235365055862967
0.09362062892302575 0.12979767955233124 2.7592649655276777
-0.0978089514227867 0.002068073170889891 -0.03212746927690356
-0.015317259832789405 -0.004585572793481198 -0.06530320500051967
0.002234088219011786 0.011726591506267278 -0.01033206510204336
0.011121822402394661 -0.003882380482507743 0.03180136828952127
-0.0008537916760554596 0.0054156480340906725 -0.061701864278046845
0.07764286636306565 -0.0013328636720643563 -0.014726720590184377
0.0695199872228158 -0.36265512933519023 2.631899406430332
0.016090415628328518 -0.014220374693412599 -0.0013719957905502318
-0.0021973277440705094 -0.0016921676690710291 0.0051464664917787424
0.0002786681164903236 -0.0021332933683663497 0.0018830849744112083
0.00036523310586816885 -0.000930870091254911 -0.0005632653418421435
0.005059901502400898 -0.0033262300712993947 -0.002372829366370798
0.006530320500051967 -0.0008846230421352401 -0.005171368748997027
-0.16911478623468518 0.004057882104808032 -1.445781178688008
0.06468064857006257 -0.10308111502242917 -1.2797957761104206
0.07625426906770323 0.19093746431030825 1.0688096230958488
-0.33891023416667004 0.004274887489138794 0.12150997118573179
-0.048905661533165654 -0.01834110535215249 0.04476595772606897
0.017621311536366847 0.03627784547995094 0.024421999400503044
0.033901458648263244 -0.02090722366740807 -0.033286017148439935
-0.019609934648512687 -0.020000070011599144 0.06325647662153117
0.14479002421951065 -0.0040898992926601116 0.037821785427484565
0.022857900482840334 0.0032633815173675348 1.4083886607420955
0.19994496649269333 -0.04538377086943688 0.014437380077743362
0.0008134737357972852 -0.0015961161055147897 -0.002719089323882179
-0.0016388056893175628 -0.003310814388259505 -0.0027546639770511566
0.0011751493763485562 -0.0004838152830980938 -0.020324985177209133
0.0048025781778119605 -0.005046857462905606 0.009492503287255493
0.011338827786725422 -0.01657185926788201 -0.008242647139252084
